2024/12/11-21:03:51.168128 738c RocksDB version: 8.3.2
2024/12/11-21:03:51.168203 738c Git sha 3f7c92b9753b697ce6a5ea737086d2751f17956c
2024/12/11-21:03:51.168232 738c Compile date 2023-06-28 10:58:06
2024/12/11-21:03:51.168242 738c DB SUMMARY
2024/12/11-21:03:51.168249 738c DB Session ID:  1SX5SV243YPCXRE5EL69
2024/12/11-21:03:51.170281 738c CURRENT file:  CURRENT
2024/12/11-21:03:51.170287 738c IDENTITY file:  IDENTITY
2024/12/11-21:03:51.170319 738c MANIFEST file:  MANIFEST-000394 size: 2608 Bytes
2024/12/11-21:03:51.170325 738c SST files in D:\workspace\atantt_final\doan2\IBFT\Node-2\data\database dir, Total Num: 11, files: 000060.sst 000094.sst 000161.sst 000301.sst 000312.sst 000326.sst 000328.sst 000359.sst 000360.sst 
2024/12/11-21:03:51.170328 738c Write Ahead Log file in D:\workspace\atantt_final\doan2\IBFT\Node-2\data\database: 000004.log size: 70432 ; 000062.log size: 238803 ; 000096.log size: 139520 ; 000129.log size: 790591 ; 000163.log size: 1707659 ; 000198.log size: 340 ; 000230.log size: 340 ; 000262.log size: 340 ; 000294.log size: 27202 ; 000329.log size: 360 ; 000361.log size: 380 ; 000393.log size: 360 ; 
2024/12/11-21:03:51.170334 738c                         Options.error_if_exists: 0
2024/12/11-21:03:51.170337 738c                       Options.create_if_missing: 1
2024/12/11-21:03:51.170339 738c                         Options.paranoid_checks: 1
2024/12/11-21:03:51.170342 738c             Options.flush_verify_memtable_count: 1
2024/12/11-21:03:51.170345 738c                               Options.track_and_verify_wals_in_manifest: 0
2024/12/11-21:03:51.170347 738c        Options.verify_sst_unique_id_in_manifest: 1
2024/12/11-21:03:51.170350 738c                                     Options.env: 000002AC7A7F4D40
2024/12/11-21:03:51.170354 738c                                      Options.fs: WinFS
2024/12/11-21:03:51.170357 738c                                Options.info_log: 000002AC68B9DA50
2024/12/11-21:03:51.170360 738c                Options.max_file_opening_threads: 16
2024/12/11-21:03:51.170363 738c                              Options.statistics: 000002AC6BE6CFB0
2024/12/11-21:03:51.170365 738c                               Options.use_fsync: 0
2024/12/11-21:03:51.170368 738c                       Options.max_log_file_size: 0
2024/12/11-21:03:51.170371 738c                  Options.max_manifest_file_size: 1073741824
2024/12/11-21:03:51.170374 738c                   Options.log_file_time_to_roll: 86400
2024/12/11-21:03:51.170376 738c                       Options.keep_log_file_num: 7
2024/12/11-21:03:51.170379 738c                    Options.recycle_log_file_num: 0
2024/12/11-21:03:51.170381 738c                         Options.allow_fallocate: 1
2024/12/11-21:03:51.170384 738c                        Options.allow_mmap_reads: 0
2024/12/11-21:03:51.170389 738c                       Options.allow_mmap_writes: 0
2024/12/11-21:03:51.170391 738c                        Options.use_direct_reads: 0
2024/12/11-21:03:51.170394 738c                        Options.use_direct_io_for_flush_and_compaction: 0
2024/12/11-21:03:51.170397 738c          Options.create_missing_column_families: 1
2024/12/11-21:03:51.170399 738c                              Options.db_log_dir: 
2024/12/11-21:03:51.170402 738c                                 Options.wal_dir: 
2024/12/11-21:03:51.170405 738c                Options.table_cache_numshardbits: 6
2024/12/11-21:03:51.170407 738c                         Options.WAL_ttl_seconds: 0
2024/12/11-21:03:51.170410 738c                       Options.WAL_size_limit_MB: 0
2024/12/11-21:03:51.170413 738c                        Options.max_write_batch_group_size_bytes: 1048576
2024/12/11-21:03:51.170415 738c             Options.manifest_preallocation_size: 4194304
2024/12/11-21:03:51.170418 738c                     Options.is_fd_close_on_exec: 1
2024/12/11-21:03:51.170421 738c                   Options.advise_random_on_open: 1
2024/12/11-21:03:51.170423 738c                    Options.db_write_buffer_size: 0
2024/12/11-21:03:51.170426 738c                    Options.write_buffer_manager: 000002AC66999FC0
2024/12/11-21:03:51.170449 738c         Options.access_hint_on_compaction_start: 1
2024/12/11-21:03:51.170452 738c           Options.random_access_max_buffer_size: 1048576
2024/12/11-21:03:51.170455 738c                      Options.use_adaptive_mutex: 0
2024/12/11-21:03:51.170458 738c                            Options.rate_limiter: 0000000000000000
2024/12/11-21:03:51.170461 738c     Options.sst_file_manager.rate_bytes_per_sec: 0
2024/12/11-21:03:51.170464 738c                       Options.wal_recovery_mode: 2
2024/12/11-21:03:51.170466 738c                  Options.enable_thread_tracking: 0
2024/12/11-21:03:51.170469 738c                  Options.enable_pipelined_write: 0
2024/12/11-21:03:51.170472 738c                  Options.unordered_write: 0
2024/12/11-21:03:51.170474 738c         Options.allow_concurrent_memtable_write: 1
2024/12/11-21:03:51.170477 738c      Options.enable_write_thread_adaptive_yield: 1
2024/12/11-21:03:51.170480 738c             Options.write_thread_max_yield_usec: 100
2024/12/11-21:03:51.170482 738c            Options.write_thread_slow_yield_usec: 3
2024/12/11-21:03:51.170485 738c                               Options.row_cache: None
2024/12/11-21:03:51.170488 738c                              Options.wal_filter: None
2024/12/11-21:03:51.170492 738c             Options.avoid_flush_during_recovery: 0
2024/12/11-21:03:51.170495 738c             Options.allow_ingest_behind: 0
2024/12/11-21:03:51.170497 738c             Options.two_write_queues: 0
2024/12/11-21:03:51.170500 738c             Options.manual_wal_flush: 0
2024/12/11-21:03:51.170502 738c             Options.wal_compression: 0
2024/12/11-21:03:51.170505 738c             Options.atomic_flush: 0
2024/12/11-21:03:51.170508 738c             Options.avoid_unnecessary_blocking_io: 0
2024/12/11-21:03:51.170510 738c                 Options.persist_stats_to_disk: 0
2024/12/11-21:03:51.170514 738c                 Options.write_dbid_to_manifest: 0
2024/12/11-21:03:51.170516 738c                 Options.log_readahead_size: 0
2024/12/11-21:03:51.170519 738c                 Options.file_checksum_gen_factory: Unknown
2024/12/11-21:03:51.170522 738c                 Options.best_efforts_recovery: 0
2024/12/11-21:03:51.170525 738c                Options.max_bgerror_resume_count: 2147483647
2024/12/11-21:03:51.170528 738c            Options.bgerror_resume_retry_interval: 1000000
2024/12/11-21:03:51.170530 738c             Options.allow_data_in_errors: 0
2024/12/11-21:03:51.170533 738c             Options.db_host_id: __hostname__
2024/12/11-21:03:51.170536 738c             Options.enforce_single_del_contracts: true
2024/12/11-21:03:51.170538 738c             Options.max_background_jobs: 2
2024/12/11-21:03:51.170541 738c             Options.max_background_compactions: -1
2024/12/11-21:03:51.170544 738c             Options.max_subcompactions: 1
2024/12/11-21:03:51.170546 738c             Options.avoid_flush_during_shutdown: 0
2024/12/11-21:03:51.170549 738c           Options.writable_file_max_buffer_size: 1048576
2024/12/11-21:03:51.170552 738c             Options.delayed_write_rate : 16777216
2024/12/11-21:03:51.170554 738c             Options.max_total_wal_size: 1073741824
2024/12/11-21:03:51.170557 738c             Options.delete_obsolete_files_period_micros: 21600000000
2024/12/11-21:03:51.170560 738c                   Options.stats_dump_period_sec: 600
2024/12/11-21:03:51.170563 738c                 Options.stats_persist_period_sec: 600
2024/12/11-21:03:51.170566 738c                 Options.stats_history_buffer_size: 1048576
2024/12/11-21:03:51.170568 738c                          Options.max_open_files: 1024
2024/12/11-21:03:51.170571 738c                          Options.bytes_per_sync: 0
2024/12/11-21:03:51.170574 738c                      Options.wal_bytes_per_sync: 0
2024/12/11-21:03:51.170576 738c                   Options.strict_bytes_per_sync: 0
2024/12/11-21:03:51.170579 738c       Options.compaction_readahead_size: 0
2024/12/11-21:03:51.170581 738c                  Options.max_background_flushes: -1
2024/12/11-21:03:51.170586 738c Compression algorithms supported:
2024/12/11-21:03:51.170599 738c 	kZSTD supported: 1
2024/12/11-21:03:51.170602 738c 	kSnappyCompression supported: 1
2024/12/11-21:03:51.170605 738c 	kBZip2Compression supported: 0
2024/12/11-21:03:51.170608 738c 	kZlibCompression supported: 1
2024/12/11-21:03:51.170610 738c 	kLZ4Compression supported: 1
2024/12/11-21:03:51.170613 738c 	kXpressCompression supported: 0
2024/12/11-21:03:51.170615 738c 	kLZ4HCCompression supported: 1
2024/12/11-21:03:51.170618 738c 	kZSTDNotFinalCompression supported: 1
2024/12/11-21:03:51.170621 738c Fast CRC32 supported: Not supported on x86
2024/12/11-21:03:51.170624 738c DMutex implementation: std::mutex
2024/12/11-21:03:51.171126 738c [db\version_set.cc:5834] Recovering from manifest file: D:\workspace\atantt_final\doan2\IBFT\Node-2\data\database/MANIFEST-000394
2024/12/11-21:03:51.171576 738c [db\column_family.cc:621] --------------- Options for column family [default]:
2024/12/11-21:03:51.171586 738c               Options.comparator: leveldb.BytewiseComparator
2024/12/11-21:03:51.171588 738c           Options.merge_operator: None
2024/12/11-21:03:51.171591 738c        Options.compaction_filter: None
2024/12/11-21:03:51.171594 738c        Options.compaction_filter_factory: None
2024/12/11-21:03:51.171597 738c  Options.sst_partitioner_factory: None
2024/12/11-21:03:51.171599 738c         Options.memtable_factory: SkipListFactory
2024/12/11-21:03:51.171602 738c            Options.table_factory: BlockBasedTable
2024/12/11-21:03:51.171627 738c            table_factory options:   flush_block_policy_factory: FlushBlockBySizePolicyFactory (000002AC6C2B0B10)
  cache_index_and_filter_blocks: 0
  cache_index_and_filter_blocks_with_high_priority: 1
  pin_l0_filter_and_index_blocks_in_cache: 0
  pin_top_level_index_and_filter: 1
  index_type: 0
  data_block_index_type: 0
  index_shortening: 1
  data_block_hash_table_util_ratio: 0.750000
  checksum: 1
  no_block_cache: 0
  block_cache: 000002AC7A7F43F0
  block_cache_name: LRUCache
  block_cache_options:
    capacity : 134217728
    num_shard_bits : 6
    strict_capacity_limit : 0
    memory_allocator : None
    high_pri_pool_ratio: 0.000
    low_pri_pool_ratio: 0.000
  persistent_cache: 0000000000000000
  block_size: 32768
  block_size_deviation: 10
  block_restart_interval: 16
  index_block_restart_interval: 1
  metadata_block_size: 4096
  partition_filters: 0
  use_delta_encoding: 1
  filter_policy: bloomfilter
  whole_key_filtering: 1
  verify_compression: 0
  read_amp_bytes_per_bit: 0
  format_version: 5
  enable_index_compression: 1
  block_align: 0
  max_auto_readahead_size: 262144
  prepopulate_block_cache: 0
  initial_auto_readahead_size: 8192
  num_file_reads_for_auto_readahead: 2
2024/12/11-21:03:51.171630 738c        Options.write_buffer_size: 67108864
2024/12/11-21:03:51.171633 738c  Options.max_write_buffer_number: 2
2024/12/11-21:03:51.171636 738c          Options.compression: LZ4
2024/12/11-21:03:51.171639 738c                  Options.bottommost_compression: Disabled
2024/12/11-21:03:51.171642 738c       Options.prefix_extractor: nullptr
2024/12/11-21:03:51.171645 738c   Options.memtable_insert_with_hint_prefix_extractor: nullptr
2024/12/11-21:03:51.171647 738c             Options.num_levels: 7
2024/12/11-21:03:51.171651 738c        Options.min_write_buffer_number_to_merge: 1
2024/12/11-21:03:51.171653 738c     Options.max_write_buffer_number_to_maintain: 0
2024/12/11-21:03:51.171656 738c     Options.max_write_buffer_size_to_maintain: 134217728
2024/12/11-21:03:51.171659 738c            Options.bottommost_compression_opts.window_bits: -14
2024/12/11-21:03:51.171662 738c                  Options.bottommost_compression_opts.level: 32767
2024/12/11-21:03:51.171665 738c               Options.bottommost_compression_opts.strategy: 0
2024/12/11-21:03:51.171667 738c         Options.bottommost_compression_opts.max_dict_bytes: 0
2024/12/11-21:03:51.171670 738c         Options.bottommost_compression_opts.zstd_max_train_bytes: 0
2024/12/11-21:03:51.171673 738c         Options.bottommost_compression_opts.parallel_threads: 1
2024/12/11-21:03:51.171694 738c                  Options.bottommost_compression_opts.enabled: false
2024/12/11-21:03:51.171698 738c         Options.bottommost_compression_opts.max_dict_buffer_bytes: 0
2024/12/11-21:03:51.171701 738c         Options.bottommost_compression_opts.use_zstd_dict_trainer: true
2024/12/11-21:03:51.171704 738c            Options.compression_opts.window_bits: -14
2024/12/11-21:03:51.171709 738c                  Options.compression_opts.level: 32767
2024/12/11-21:03:51.171712 738c               Options.compression_opts.strategy: 0
2024/12/11-21:03:51.171715 738c         Options.compression_opts.max_dict_bytes: 0
2024/12/11-21:03:51.171718 738c         Options.compression_opts.zstd_max_train_bytes: 0
2024/12/11-21:03:51.171720 738c         Options.compression_opts.use_zstd_dict_trainer: true
2024/12/11-21:03:51.171723 738c         Options.compression_opts.parallel_threads: 1
2024/12/11-21:03:51.171726 738c                  Options.compression_opts.enabled: false
2024/12/11-21:03:51.171729 738c         Options.compression_opts.max_dict_buffer_bytes: 0
2024/12/11-21:03:51.171731 738c      Options.level0_file_num_compaction_trigger: 4
2024/12/11-21:03:51.171734 738c          Options.level0_slowdown_writes_trigger: 20
2024/12/11-21:03:51.171737 738c              Options.level0_stop_writes_trigger: 36
2024/12/11-21:03:51.171740 738c                   Options.target_file_size_base: 67108864
2024/12/11-21:03:51.171742 738c             Options.target_file_size_multiplier: 1
2024/12/11-21:03:51.171745 738c                Options.max_bytes_for_level_base: 268435456
2024/12/11-21:03:51.171748 738c Options.level_compaction_dynamic_level_bytes: 0
2024/12/11-21:03:51.171751 738c          Options.max_bytes_for_level_multiplier: 10.000000
2024/12/11-21:03:51.171754 738c Options.max_bytes_for_level_multiplier_addtl[0]: 1
2024/12/11-21:03:51.171757 738c Options.max_bytes_for_level_multiplier_addtl[1]: 1
2024/12/11-21:03:51.171760 738c Options.max_bytes_for_level_multiplier_addtl[2]: 1
2024/12/11-21:03:51.171763 738c Options.max_bytes_for_level_multiplier_addtl[3]: 1
2024/12/11-21:03:51.171766 738c Options.max_bytes_for_level_multiplier_addtl[4]: 1
2024/12/11-21:03:51.171768 738c Options.max_bytes_for_level_multiplier_addtl[5]: 1
2024/12/11-21:03:51.171771 738c Options.max_bytes_for_level_multiplier_addtl[6]: 1
2024/12/11-21:03:51.171774 738c       Options.max_sequential_skip_in_iterations: 8
2024/12/11-21:03:51.171777 738c                    Options.max_compaction_bytes: 1677721600
2024/12/11-21:03:51.171779 738c   Options.ignore_max_compaction_bytes_for_input: true
2024/12/11-21:03:51.171782 738c                        Options.arena_block_size: 1048576
2024/12/11-21:03:51.171785 738c   Options.soft_pending_compaction_bytes_limit: 68719476736
2024/12/11-21:03:51.171788 738c   Options.hard_pending_compaction_bytes_limit: 274877906944
2024/12/11-21:03:51.171790 738c                Options.disable_auto_compactions: 1
2024/12/11-21:03:51.171794 738c                        Options.compaction_style: kCompactionStyleLevel
2024/12/11-21:03:51.171797 738c                          Options.compaction_pri: kMinOverlappingRatio
2024/12/11-21:03:51.171800 738c Options.compaction_options_universal.size_ratio: 1
2024/12/11-21:03:51.171803 738c Options.compaction_options_universal.min_merge_width: 2
2024/12/11-21:03:51.171806 738c Options.compaction_options_universal.max_merge_width: 4294967295
2024/12/11-21:03:51.171808 738c Options.compaction_options_universal.max_size_amplification_percent: 200
2024/12/11-21:03:51.171811 738c Options.compaction_options_universal.compression_size_percent: -1
2024/12/11-21:03:51.171815 738c Options.compaction_options_universal.stop_style: kCompactionStopStyleTotalSize
2024/12/11-21:03:51.171818 738c Options.compaction_options_fifo.max_table_files_size: 1073741824
2024/12/11-21:03:51.171821 738c Options.compaction_options_fifo.allow_compaction: 0
2024/12/11-21:03:51.171825 738c                   Options.table_properties_collectors: 
2024/12/11-21:03:51.171832 738c                   Options.inplace_update_support: 0
2024/12/11-21:03:51.171836 738c                 Options.inplace_update_num_locks: 10000
2024/12/11-21:03:51.171839 738c               Options.memtable_prefix_bloom_size_ratio: 0.000000
2024/12/11-21:03:51.171842 738c               Options.memtable_whole_key_filtering: 0
2024/12/11-21:03:51.171845 738c   Options.memtable_huge_page_size: 0
2024/12/11-21:03:51.171848 738c                           Options.bloom_locality: 0
2024/12/11-21:03:51.171850 738c                    Options.max_successive_merges: 0
2024/12/11-21:03:51.171853 738c                Options.optimize_filters_for_hits: 0
2024/12/11-21:03:51.171856 738c                Options.paranoid_file_checks: 0
2024/12/11-21:03:51.171858 738c                Options.force_consistency_checks: 1
2024/12/11-21:03:51.171861 738c                Options.report_bg_io_stats: 0
2024/12/11-21:03:51.171864 738c                               Options.ttl: 0
2024/12/11-21:03:51.171867 738c          Options.periodic_compaction_seconds: 0
2024/12/11-21:03:51.171869 738c  Options.preclude_last_level_data_seconds: 0
2024/12/11-21:03:51.171872 738c    Options.preserve_internal_time_seconds: 0
2024/12/11-21:03:51.171875 738c                       Options.enable_blob_files: false
2024/12/11-21:03:51.171877 738c                           Options.min_blob_size: 0
2024/12/11-21:03:51.171880 738c                          Options.blob_file_size: 268435456
2024/12/11-21:03:51.171883 738c                   Options.blob_compression_type: NoCompression
2024/12/11-21:03:51.171886 738c          Options.enable_blob_garbage_collection: false
2024/12/11-21:03:51.171889 738c      Options.blob_garbage_collection_age_cutoff: 0.250000
2024/12/11-21:03:51.171892 738c Options.blob_garbage_collection_force_threshold: 1.000000
2024/12/11-21:03:51.171895 738c          Options.blob_compaction_readahead_size: 0
2024/12/11-21:03:51.171898 738c                Options.blob_file_starting_level: 0
2024/12/11-21:03:51.171901 738c Options.experimental_mempurge_threshold: 0.000000
2024/12/11-21:03:51.172039 738c [db\column_family.cc:621] --------------- Options for column family []:
2024/12/11-21:03:51.172043 738c               Options.comparator: leveldb.BytewiseComparator
2024/12/11-21:03:51.172046 738c           Options.merge_operator: None
2024/12/11-21:03:51.172048 738c        Options.compaction_filter: None
2024/12/11-21:03:51.172051 738c        Options.compaction_filter_factory: None
2024/12/11-21:03:51.172054 738c  Options.sst_partitioner_factory: None
2024/12/11-21:03:51.172056 738c         Options.memtable_factory: SkipListFactory
2024/12/11-21:03:51.172059 738c            Options.table_factory: BlockBasedTable
2024/12/11-21:03:51.172075 738c            table_factory options:   flush_block_policy_factory: FlushBlockBySizePolicyFactory (000002AC69880D50)
  cache_index_and_filter_blocks: 0
  cache_index_and_filter_blocks_with_high_priority: 1
  pin_l0_filter_and_index_blocks_in_cache: 0
  pin_top_level_index_and_filter: 1
  index_type: 0
  data_block_index_type: 0
  index_shortening: 1
  data_block_hash_table_util_ratio: 0.750000
  checksum: 1
  no_block_cache: 0
  block_cache: 000002AC670EBE10
  block_cache_name: LRUCache
  block_cache_options:
    capacity : 134217728
    num_shard_bits : 6
    strict_capacity_limit : 0
    memory_allocator : None
    high_pri_pool_ratio: 0.000
    low_pri_pool_ratio: 0.000
  persistent_cache: 0000000000000000
  block_size: 32768
  block_size_deviation: 10
  block_restart_interval: 16
  index_block_restart_interval: 1
  metadata_block_size: 4096
  partition_filters: 0
  use_delta_encoding: 1
  filter_policy: bloomfilter
  whole_key_filtering: 1
  verify_compression: 0
  read_amp_bytes_per_bit: 0
  format_version: 5
  enable_index_compression: 1
  block_align: 0
  max_auto_readahead_size: 262144
  prepopulate_block_cache: 0
  initial_auto_readahead_size: 8192
  num_file_reads_for_auto_readahead: 2
2024/12/11-21:03:51.172078 738c        Options.write_buffer_size: 67108864
2024/12/11-21:03:51.172081 738c  Options.max_write_buffer_number: 2
2024/12/11-21:03:51.172083 738c          Options.compression: LZ4
2024/12/11-21:03:51.172087 738c                  Options.bottommost_compression: Disabled
2024/12/11-21:03:51.172090 738c       Options.prefix_extractor: nullptr
2024/12/11-21:03:51.172093 738c   Options.memtable_insert_with_hint_prefix_extractor: nullptr
2024/12/11-21:03:51.172096 738c             Options.num_levels: 7
2024/12/11-21:03:51.172099 738c        Options.min_write_buffer_number_to_merge: 1
2024/12/11-21:03:51.172101 738c     Options.max_write_buffer_number_to_maintain: 0
2024/12/11-21:03:51.172104 738c     Options.max_write_buffer_size_to_maintain: 134217728
2024/12/11-21:03:51.172107 738c            Options.bottommost_compression_opts.window_bits: -14
2024/12/11-21:03:51.172110 738c                  Options.bottommost_compression_opts.level: 32767
2024/12/11-21:03:51.172113 738c               Options.bottommost_compression_opts.strategy: 0
2024/12/11-21:03:51.172116 738c         Options.bottommost_compression_opts.max_dict_bytes: 0
2024/12/11-21:03:51.172119 738c         Options.bottommost_compression_opts.zstd_max_train_bytes: 0
2024/12/11-21:03:51.172121 738c         Options.bottommost_compression_opts.parallel_threads: 1
2024/12/11-21:03:51.172124 738c                  Options.bottommost_compression_opts.enabled: false
2024/12/11-21:03:51.172127 738c         Options.bottommost_compression_opts.max_dict_buffer_bytes: 0
2024/12/11-21:03:51.172130 738c         Options.bottommost_compression_opts.use_zstd_dict_trainer: true
2024/12/11-21:03:51.172133 738c            Options.compression_opts.window_bits: -14
2024/12/11-21:03:51.172136 738c                  Options.compression_opts.level: 32767
2024/12/11-21:03:51.172139 738c               Options.compression_opts.strategy: 0
2024/12/11-21:03:51.172142 738c         Options.compression_opts.max_dict_bytes: 0
2024/12/11-21:03:51.172145 738c         Options.compression_opts.zstd_max_train_bytes: 0
2024/12/11-21:03:51.172147 738c         Options.compression_opts.use_zstd_dict_trainer: true
2024/12/11-21:03:51.172150 738c         Options.compression_opts.parallel_threads: 1
2024/12/11-21:03:51.172153 738c                  Options.compression_opts.enabled: false
2024/12/11-21:03:51.172156 738c         Options.compression_opts.max_dict_buffer_bytes: 0
2024/12/11-21:03:51.172159 738c      Options.level0_file_num_compaction_trigger: 4
2024/12/11-21:03:51.172161 738c          Options.level0_slowdown_writes_trigger: 20
2024/12/11-21:03:51.172164 738c              Options.level0_stop_writes_trigger: 36
2024/12/11-21:03:51.172167 738c                   Options.target_file_size_base: 67108864
2024/12/11-21:03:51.172170 738c             Options.target_file_size_multiplier: 1
2024/12/11-21:03:51.172172 738c                Options.max_bytes_for_level_base: 268435456
2024/12/11-21:03:51.172175 738c Options.level_compaction_dynamic_level_bytes: 0
2024/12/11-21:03:51.172178 738c          Options.max_bytes_for_level_multiplier: 10.000000
2024/12/11-21:03:51.172185 738c Options.max_bytes_for_level_multiplier_addtl[0]: 1
2024/12/11-21:03:51.172188 738c Options.max_bytes_for_level_multiplier_addtl[1]: 1
2024/12/11-21:03:51.172191 738c Options.max_bytes_for_level_multiplier_addtl[2]: 1
2024/12/11-21:03:51.172193 738c Options.max_bytes_for_level_multiplier_addtl[3]: 1
2024/12/11-21:03:51.172196 738c Options.max_bytes_for_level_multiplier_addtl[4]: 1
2024/12/11-21:03:51.172199 738c Options.max_bytes_for_level_multiplier_addtl[5]: 1
2024/12/11-21:03:51.172202 738c Options.max_bytes_for_level_multiplier_addtl[6]: 1
2024/12/11-21:03:51.172205 738c       Options.max_sequential_skip_in_iterations: 8
2024/12/11-21:03:51.172207 738c                    Options.max_compaction_bytes: 1677721600
2024/12/11-21:03:51.172210 738c   Options.ignore_max_compaction_bytes_for_input: true
2024/12/11-21:03:51.172213 738c                        Options.arena_block_size: 1048576
2024/12/11-21:03:51.172216 738c   Options.soft_pending_compaction_bytes_limit: 68719476736
2024/12/11-21:03:51.172218 738c   Options.hard_pending_compaction_bytes_limit: 274877906944
2024/12/11-21:03:51.172222 738c                Options.disable_auto_compactions: 1
2024/12/11-21:03:51.172225 738c                        Options.compaction_style: kCompactionStyleLevel
2024/12/11-21:03:51.172228 738c                          Options.compaction_pri: kMinOverlappingRatio
2024/12/11-21:03:51.172231 738c Options.compaction_options_universal.size_ratio: 1
2024/12/11-21:03:51.172234 738c Options.compaction_options_universal.min_merge_width: 2
2024/12/11-21:03:51.172237 738c Options.compaction_options_universal.max_merge_width: 4294967295
2024/12/11-21:03:51.172239 738c Options.compaction_options_universal.max_size_amplification_percent: 200
2024/12/11-21:03:51.172242 738c Options.compaction_options_universal.compression_size_percent: -1
2024/12/11-21:03:51.172245 738c Options.compaction_options_universal.stop_style: kCompactionStopStyleTotalSize
2024/12/11-21:03:51.172248 738c Options.compaction_options_fifo.max_table_files_size: 1073741824
2024/12/11-21:03:51.172251 738c Options.compaction_options_fifo.allow_compaction: 0
2024/12/11-21:03:51.172254 738c                   Options.table_properties_collectors: 
2024/12/11-21:03:51.172257 738c                   Options.inplace_update_support: 0
2024/12/11-21:03:51.172259 738c                 Options.inplace_update_num_locks: 10000
2024/12/11-21:03:51.172262 738c               Options.memtable_prefix_bloom_size_ratio: 0.000000
2024/12/11-21:03:51.172265 738c               Options.memtable_whole_key_filtering: 0
2024/12/11-21:03:51.172268 738c   Options.memtable_huge_page_size: 0
2024/12/11-21:03:51.172271 738c                           Options.bloom_locality: 0
2024/12/11-21:03:51.172273 738c                    Options.max_successive_merges: 0
2024/12/11-21:03:51.172276 738c                Options.optimize_filters_for_hits: 0
2024/12/11-21:03:51.172279 738c                Options.paranoid_file_checks: 0
2024/12/11-21:03:51.172282 738c                Options.force_consistency_checks: 1
2024/12/11-21:03:51.172286 738c                Options.report_bg_io_stats: 0
2024/12/11-21:03:51.172289 738c                               Options.ttl: 0
2024/12/11-21:03:51.172292 738c          Options.periodic_compaction_seconds: 0
2024/12/11-21:03:51.172294 738c  Options.preclude_last_level_data_seconds: 0
2024/12/11-21:03:51.172297 738c    Options.preserve_internal_time_seconds: 0
2024/12/11-21:03:51.172300 738c                       Options.enable_blob_files: true
2024/12/11-21:03:51.172302 738c                           Options.min_blob_size: 100
2024/12/11-21:03:51.172305 738c                          Options.blob_file_size: 268435456
2024/12/11-21:03:51.172308 738c                   Options.blob_compression_type: LZ4
2024/12/11-21:03:51.172311 738c          Options.enable_blob_garbage_collection: false
2024/12/11-21:03:51.172314 738c      Options.blob_garbage_collection_age_cutoff: 0.250000
2024/12/11-21:03:51.172317 738c Options.blob_garbage_collection_force_threshold: 1.000000
2024/12/11-21:03:51.172320 738c          Options.blob_compaction_readahead_size: 0
2024/12/11-21:03:51.172322 738c                Options.blob_file_starting_level: 0
2024/12/11-21:03:51.172325 738c Options.experimental_mempurge_threshold: 0.000000
2024/12/11-21:03:51.172375 738c [db\column_family.cc:621] --------------- Options for column family []:
2024/12/11-21:03:51.172378 738c               Options.comparator: leveldb.BytewiseComparator
2024/12/11-21:03:51.172381 738c           Options.merge_operator: None
2024/12/11-21:03:51.172383 738c        Options.compaction_filter: None
2024/12/11-21:03:51.172386 738c        Options.compaction_filter_factory: None
2024/12/11-21:03:51.172389 738c  Options.sst_partitioner_factory: None
2024/12/11-21:03:51.172391 738c         Options.memtable_factory: SkipListFactory
2024/12/11-21:03:51.172394 738c            Options.table_factory: BlockBasedTable
2024/12/11-21:03:51.172408 738c            table_factory options:   flush_block_policy_factory: FlushBlockBySizePolicyFactory (000002AC698807B0)
  cache_index_and_filter_blocks: 0
  cache_index_and_filter_blocks_with_high_priority: 1
  pin_l0_filter_and_index_blocks_in_cache: 0
  pin_top_level_index_and_filter: 1
  index_type: 0
  data_block_index_type: 0
  index_shortening: 1
  data_block_hash_table_util_ratio: 0.750000
  checksum: 1
  no_block_cache: 0
  block_cache: 000002AC670EC4A0
  block_cache_name: LRUCache
  block_cache_options:
    capacity : 134217728
    num_shard_bits : 6
    strict_capacity_limit : 0
    memory_allocator : None
    high_pri_pool_ratio: 0.000
    low_pri_pool_ratio: 0.000
  persistent_cache: 0000000000000000
  block_size: 32768
  block_size_deviation: 10
  block_restart_interval: 16
  index_block_restart_interval: 1
  metadata_block_size: 4096
  partition_filters: 0
  use_delta_encoding: 1
  filter_policy: bloomfilter
  whole_key_filtering: 1
  verify_compression: 0
  read_amp_bytes_per_bit: 0
  format_version: 5
  enable_index_compression: 1
  block_align: 0
  max_auto_readahead_size: 262144
  prepopulate_block_cache: 0
  initial_auto_readahead_size: 8192
  num_file_reads_for_auto_readahead: 2
2024/12/11-21:03:51.172412 738c        Options.write_buffer_size: 67108864
2024/12/11-21:03:51.172416 738c  Options.max_write_buffer_number: 2
2024/12/11-21:03:51.172418 738c          Options.compression: LZ4
2024/12/11-21:03:51.172421 738c                  Options.bottommost_compression: Disabled
2024/12/11-21:03:51.172424 738c       Options.prefix_extractor: nullptr
2024/12/11-21:03:51.172426 738c   Options.memtable_insert_with_hint_prefix_extractor: nullptr
2024/12/11-21:03:51.172429 738c             Options.num_levels: 7
2024/12/11-21:03:51.172432 738c        Options.min_write_buffer_number_to_merge: 1
2024/12/11-21:03:51.172434 738c     Options.max_write_buffer_number_to_maintain: 0
2024/12/11-21:03:51.172437 738c     Options.max_write_buffer_size_to_maintain: 134217728
2024/12/11-21:03:51.172440 738c            Options.bottommost_compression_opts.window_bits: -14
2024/12/11-21:03:51.172443 738c                  Options.bottommost_compression_opts.level: 32767
2024/12/11-21:03:51.172446 738c               Options.bottommost_compression_opts.strategy: 0
2024/12/11-21:03:51.172451 738c         Options.bottommost_compression_opts.max_dict_bytes: 0
2024/12/11-21:03:51.172454 738c         Options.bottommost_compression_opts.zstd_max_train_bytes: 0
2024/12/11-21:03:51.172456 738c         Options.bottommost_compression_opts.parallel_threads: 1
2024/12/11-21:03:51.172459 738c                  Options.bottommost_compression_opts.enabled: false
2024/12/11-21:03:51.172462 738c         Options.bottommost_compression_opts.max_dict_buffer_bytes: 0
2024/12/11-21:03:51.172465 738c         Options.bottommost_compression_opts.use_zstd_dict_trainer: true
2024/12/11-21:03:51.172468 738c            Options.compression_opts.window_bits: -14
2024/12/11-21:03:51.172471 738c                  Options.compression_opts.level: 32767
2024/12/11-21:03:51.172473 738c               Options.compression_opts.strategy: 0
2024/12/11-21:03:51.172476 738c         Options.compression_opts.max_dict_bytes: 0
2024/12/11-21:03:51.172479 738c         Options.compression_opts.zstd_max_train_bytes: 0
2024/12/11-21:03:51.172482 738c         Options.compression_opts.use_zstd_dict_trainer: true
2024/12/11-21:03:51.172485 738c         Options.compression_opts.parallel_threads: 1
2024/12/11-21:03:51.172488 738c                  Options.compression_opts.enabled: false
2024/12/11-21:03:51.172491 738c         Options.compression_opts.max_dict_buffer_bytes: 0
2024/12/11-21:03:51.172493 738c      Options.level0_file_num_compaction_trigger: 4
2024/12/11-21:03:51.172496 738c          Options.level0_slowdown_writes_trigger: 20
2024/12/11-21:03:51.172499 738c              Options.level0_stop_writes_trigger: 36
2024/12/11-21:03:51.172501 738c                   Options.target_file_size_base: 67108864
2024/12/11-21:03:51.172504 738c             Options.target_file_size_multiplier: 1
2024/12/11-21:03:51.172507 738c                Options.max_bytes_for_level_base: 268435456
2024/12/11-21:03:51.172510 738c Options.level_compaction_dynamic_level_bytes: 0
2024/12/11-21:03:51.172513 738c          Options.max_bytes_for_level_multiplier: 10.000000
2024/12/11-21:03:51.172539 738c Options.max_bytes_for_level_multiplier_addtl[0]: 1
2024/12/11-21:03:51.172542 738c Options.max_bytes_for_level_multiplier_addtl[1]: 1
2024/12/11-21:03:51.172545 738c Options.max_bytes_for_level_multiplier_addtl[2]: 1
2024/12/11-21:03:51.172548 738c Options.max_bytes_for_level_multiplier_addtl[3]: 1
2024/12/11-21:03:51.172550 738c Options.max_bytes_for_level_multiplier_addtl[4]: 1
2024/12/11-21:03:51.172553 738c Options.max_bytes_for_level_multiplier_addtl[5]: 1
2024/12/11-21:03:51.172556 738c Options.max_bytes_for_level_multiplier_addtl[6]: 1
2024/12/11-21:03:51.172558 738c       Options.max_sequential_skip_in_iterations: 8
2024/12/11-21:03:51.172561 738c                    Options.max_compaction_bytes: 1677721600
2024/12/11-21:03:51.172564 738c   Options.ignore_max_compaction_bytes_for_input: true
2024/12/11-21:03:51.172566 738c                        Options.arena_block_size: 1048576
2024/12/11-21:03:51.172569 738c   Options.soft_pending_compaction_bytes_limit: 68719476736
2024/12/11-21:03:51.172572 738c   Options.hard_pending_compaction_bytes_limit: 274877906944
2024/12/11-21:03:51.172575 738c                Options.disable_auto_compactions: 1
2024/12/11-21:03:51.172577 738c                        Options.compaction_style: kCompactionStyleLevel
2024/12/11-21:03:51.172580 738c                          Options.compaction_pri: kMinOverlappingRatio
2024/12/11-21:03:51.172583 738c Options.compaction_options_universal.size_ratio: 1
2024/12/11-21:03:51.172586 738c Options.compaction_options_universal.min_merge_width: 2
2024/12/11-21:03:51.172588 738c Options.compaction_options_universal.max_merge_width: 4294967295
2024/12/11-21:03:51.172591 738c Options.compaction_options_universal.max_size_amplification_percent: 200
2024/12/11-21:03:51.172594 738c Options.compaction_options_universal.compression_size_percent: -1
2024/12/11-21:03:51.172597 738c Options.compaction_options_universal.stop_style: kCompactionStopStyleTotalSize
2024/12/11-21:03:51.172600 738c Options.compaction_options_fifo.max_table_files_size: 1073741824
2024/12/11-21:03:51.172602 738c Options.compaction_options_fifo.allow_compaction: 0
2024/12/11-21:03:51.172605 738c                   Options.table_properties_collectors: 
2024/12/11-21:03:51.172608 738c                   Options.inplace_update_support: 0
2024/12/11-21:03:51.172611 738c                 Options.inplace_update_num_locks: 10000
2024/12/11-21:03:51.172614 738c               Options.memtable_prefix_bloom_size_ratio: 0.000000
2024/12/11-21:03:51.172617 738c               Options.memtable_whole_key_filtering: 0
2024/12/11-21:03:51.172619 738c   Options.memtable_huge_page_size: 0
2024/12/11-21:03:51.172622 738c                           Options.bloom_locality: 0
2024/12/11-21:03:51.172624 738c                    Options.max_successive_merges: 0
2024/12/11-21:03:51.172627 738c                Options.optimize_filters_for_hits: 0
2024/12/11-21:03:51.172630 738c                Options.paranoid_file_checks: 0
2024/12/11-21:03:51.172632 738c                Options.force_consistency_checks: 1
2024/12/11-21:03:51.172635 738c                Options.report_bg_io_stats: 0
2024/12/11-21:03:51.172638 738c                               Options.ttl: 0
2024/12/11-21:03:51.172641 738c          Options.periodic_compaction_seconds: 0
2024/12/11-21:03:51.172643 738c  Options.preclude_last_level_data_seconds: 0
2024/12/11-21:03:51.172646 738c    Options.preserve_internal_time_seconds: 0
2024/12/11-21:03:51.172649 738c                       Options.enable_blob_files: false
2024/12/11-21:03:51.172651 738c                           Options.min_blob_size: 0
2024/12/11-21:03:51.172654 738c                          Options.blob_file_size: 268435456
2024/12/11-21:03:51.172657 738c                   Options.blob_compression_type: NoCompression
2024/12/11-21:03:51.172660 738c          Options.enable_blob_garbage_collection: false
2024/12/11-21:03:51.172663 738c      Options.blob_garbage_collection_age_cutoff: 0.250000
2024/12/11-21:03:51.172667 738c Options.blob_garbage_collection_force_threshold: 1.000000
2024/12/11-21:03:51.172670 738c          Options.blob_compaction_readahead_size: 0
2024/12/11-21:03:51.172673 738c                Options.blob_file_starting_level: 0
2024/12/11-21:03:51.172676 738c Options.experimental_mempurge_threshold: 0.000000
2024/12/11-21:03:51.172709 738c [db\column_family.cc:621] --------------- Options for column family []:
2024/12/11-21:03:51.172713 738c               Options.comparator: leveldb.BytewiseComparator
2024/12/11-21:03:51.172715 738c           Options.merge_operator: None
2024/12/11-21:03:51.172718 738c        Options.compaction_filter: None
2024/12/11-21:03:51.172720 738c        Options.compaction_filter_factory: None
2024/12/11-21:03:51.172723 738c  Options.sst_partitioner_factory: None
2024/12/11-21:03:51.172725 738c         Options.memtable_factory: SkipListFactory
2024/12/11-21:03:51.172728 738c            Options.table_factory: BlockBasedTable
2024/12/11-21:03:51.172740 738c            table_factory options:   flush_block_policy_factory: FlushBlockBySizePolicyFactory (000002AC69881410)
  cache_index_and_filter_blocks: 0
  cache_index_and_filter_blocks_with_high_priority: 1
  pin_l0_filter_and_index_blocks_in_cache: 0
  pin_top_level_index_and_filter: 1
  index_type: 0
  data_block_index_type: 0
  index_shortening: 1
  data_block_hash_table_util_ratio: 0.750000
  checksum: 1
  no_block_cache: 0
  block_cache: 000002AC670EC770
  block_cache_name: LRUCache
  block_cache_options:
    capacity : 134217728
    num_shard_bits : 6
    strict_capacity_limit : 0
    memory_allocator : None
    high_pri_pool_ratio: 0.000
    low_pri_pool_ratio: 0.000
  persistent_cache: 0000000000000000
  block_size: 32768
  block_size_deviation: 10
  block_restart_interval: 16
  index_block_restart_interval: 1
  metadata_block_size: 4096
  partition_filters: 0
  use_delta_encoding: 1
  filter_policy: bloomfilter
  whole_key_filtering: 1
  verify_compression: 0
  read_amp_bytes_per_bit: 0
  format_version: 5
  enable_index_compression: 1
  block_align: 0
  max_auto_readahead_size: 262144
  prepopulate_block_cache: 0
  initial_auto_readahead_size: 8192
  num_file_reads_for_auto_readahead: 2
2024/12/11-21:03:51.172743 738c        Options.write_buffer_size: 67108864
2024/12/11-21:03:51.172746 738c  Options.max_write_buffer_number: 2
2024/12/11-21:03:51.172749 738c          Options.compression: LZ4
2024/12/11-21:03:51.172751 738c                  Options.bottommost_compression: Disabled
2024/12/11-21:03:51.172754 738c       Options.prefix_extractor: nullptr
2024/12/11-21:03:51.172756 738c   Options.memtable_insert_with_hint_prefix_extractor: nullptr
2024/12/11-21:03:51.172759 738c             Options.num_levels: 7
2024/12/11-21:03:51.172761 738c        Options.min_write_buffer_number_to_merge: 1
2024/12/11-21:03:51.172765 738c     Options.max_write_buffer_number_to_maintain: 0
2024/12/11-21:03:51.172767 738c     Options.max_write_buffer_size_to_maintain: 134217728
2024/12/11-21:03:51.172770 738c            Options.bottommost_compression_opts.window_bits: -14
