2024/12/15-08:31:44.907327 1d1c RocksDB version: 8.3.2
2024/12/15-08:31:44.907384 1d1c Git sha 3f7c92b9753b697ce6a5ea737086d2751f17956c
2024/12/15-08:31:44.907396 1d1c Compile date 2023-06-28 10:58:06
2024/12/15-08:31:44.907405 1d1c DB SUMMARY
2024/12/15-08:31:44.907413 1d1c DB Session ID:  2DUECMA16074FASLTM98
2024/12/15-08:31:44.910031 1d1c CURRENT file:  CURRENT
2024/12/15-08:31:44.910038 1d1c IDENTITY file:  IDENTITY
2024/12/15-08:31:44.910067 1d1c MANIFEST file:  MANIFEST-000774 size: 2608 Bytes
2024/12/15-08:31:44.910073 1d1c SST files in D:\workspace\blockchain_final\doan2\IBFT\Node-4\data\database dir, Total Num: 9, files: 000581.sst 000702.sst 000711.sst 000722.sst 000736.sst 000738.sst 000769.sst 000771.sst 000772.sst 
2024/12/15-08:31:44.910079 1d1c Write Ahead Log file in D:\workspace\blockchain_final\doan2\IBFT\Node-4\data\database: 000004.log size: 70432 ; 000062.log size: 238783 ; 000096.log size: 139560 ; 000129.log size: 790606 ; 000163.log size: 1707698 ; 000198.log size: 27202 ; 000231.log size: 340 ; 000263.log size: 7666 ; 000296.log size: 308112 ; 000331.log size: 13771 ; 000364.log size: 26248 ; 000398.log size: 8887 ; 000432.log size: 57001 ; 000468.log size: 351129 ; 000502.log size: 1770060 ; 000536.log size: 391131 ; 000570.log size: 229954 ; 000606.log size: 340 ; 000638.log size: 340 ; 000670.log size: 245021 ; 000704.log size: 24780 ; 000739.log size: 237506 ; 000773.log size: 30242 ; 
2024/12/15-08:31:44.910085 1d1c                         Options.error_if_exists: 0
2024/12/15-08:31:44.910088 1d1c                       Options.create_if_missing: 1
2024/12/15-08:31:44.910091 1d1c                         Options.paranoid_checks: 1
2024/12/15-08:31:44.910093 1d1c             Options.flush_verify_memtable_count: 1
2024/12/15-08:31:44.910096 1d1c                               Options.track_and_verify_wals_in_manifest: 0
2024/12/15-08:31:44.910099 1d1c        Options.verify_sst_unique_id_in_manifest: 1
2024/12/15-08:31:44.910102 1d1c                                     Options.env: 0000022CD2623160
2024/12/15-08:31:44.910107 1d1c                                      Options.fs: WinFS
2024/12/15-08:31:44.910110 1d1c                                Options.info_log: 0000022CD1C96370
2024/12/15-08:31:44.910113 1d1c                Options.max_file_opening_threads: 16
2024/12/15-08:31:44.910116 1d1c                              Options.statistics: 0000022CD10A4080
2024/12/15-08:31:44.910119 1d1c                               Options.use_fsync: 0
2024/12/15-08:31:44.910122 1d1c                       Options.max_log_file_size: 0
2024/12/15-08:31:44.910125 1d1c                  Options.max_manifest_file_size: 1073741824
2024/12/15-08:31:44.910128 1d1c                   Options.log_file_time_to_roll: 86400
2024/12/15-08:31:44.910131 1d1c                       Options.keep_log_file_num: 7
2024/12/15-08:31:44.910134 1d1c                    Options.recycle_log_file_num: 0
2024/12/15-08:31:44.910136 1d1c                         Options.allow_fallocate: 1
2024/12/15-08:31:44.910139 1d1c                        Options.allow_mmap_reads: 0
2024/12/15-08:31:44.910142 1d1c                       Options.allow_mmap_writes: 0
2024/12/15-08:31:44.910145 1d1c                        Options.use_direct_reads: 0
2024/12/15-08:31:44.910148 1d1c                        Options.use_direct_io_for_flush_and_compaction: 0
2024/12/15-08:31:44.910150 1d1c          Options.create_missing_column_families: 1
2024/12/15-08:31:44.910153 1d1c                              Options.db_log_dir: 
2024/12/15-08:31:44.910156 1d1c                                 Options.wal_dir: 
2024/12/15-08:31:44.910159 1d1c                Options.table_cache_numshardbits: 6
2024/12/15-08:31:44.910162 1d1c                         Options.WAL_ttl_seconds: 0
2024/12/15-08:31:44.910165 1d1c                       Options.WAL_size_limit_MB: 0
2024/12/15-08:31:44.910168 1d1c                        Options.max_write_batch_group_size_bytes: 1048576
2024/12/15-08:31:44.910171 1d1c             Options.manifest_preallocation_size: 4194304
2024/12/15-08:31:44.910174 1d1c                     Options.is_fd_close_on_exec: 1
2024/12/15-08:31:44.910213 1d1c                   Options.advise_random_on_open: 1
2024/12/15-08:31:44.910216 1d1c                    Options.db_write_buffer_size: 0
2024/12/15-08:31:44.910220 1d1c                    Options.write_buffer_manager: 0000022CD2624600
2024/12/15-08:31:44.910223 1d1c         Options.access_hint_on_compaction_start: 1
2024/12/15-08:31:44.910226 1d1c           Options.random_access_max_buffer_size: 1048576
2024/12/15-08:31:44.910229 1d1c                      Options.use_adaptive_mutex: 0
2024/12/15-08:31:44.910232 1d1c                            Options.rate_limiter: 0000000000000000
2024/12/15-08:31:44.910236 1d1c     Options.sst_file_manager.rate_bytes_per_sec: 0
2024/12/15-08:31:44.910239 1d1c                       Options.wal_recovery_mode: 2
2024/12/15-08:31:44.910242 1d1c                  Options.enable_thread_tracking: 0
2024/12/15-08:31:44.910245 1d1c                  Options.enable_pipelined_write: 0
2024/12/15-08:31:44.910248 1d1c                  Options.unordered_write: 0
2024/12/15-08:31:44.910251 1d1c         Options.allow_concurrent_memtable_write: 1
2024/12/15-08:31:44.910254 1d1c      Options.enable_write_thread_adaptive_yield: 1
2024/12/15-08:31:44.910257 1d1c             Options.write_thread_max_yield_usec: 100
2024/12/15-08:31:44.910260 1d1c            Options.write_thread_slow_yield_usec: 3
2024/12/15-08:31:44.910263 1d1c                               Options.row_cache: None
2024/12/15-08:31:44.910266 1d1c                              Options.wal_filter: None
2024/12/15-08:31:44.910269 1d1c             Options.avoid_flush_during_recovery: 0
2024/12/15-08:31:44.910272 1d1c             Options.allow_ingest_behind: 0
2024/12/15-08:31:44.910275 1d1c             Options.two_write_queues: 0
2024/12/15-08:31:44.910278 1d1c             Options.manual_wal_flush: 0
2024/12/15-08:31:44.910281 1d1c             Options.wal_compression: 0
2024/12/15-08:31:44.910283 1d1c             Options.atomic_flush: 0
2024/12/15-08:31:44.910286 1d1c             Options.avoid_unnecessary_blocking_io: 0
2024/12/15-08:31:44.910289 1d1c                 Options.persist_stats_to_disk: 0
2024/12/15-08:31:44.910292 1d1c                 Options.write_dbid_to_manifest: 0
2024/12/15-08:31:44.910295 1d1c                 Options.log_readahead_size: 0
2024/12/15-08:31:44.910299 1d1c                 Options.file_checksum_gen_factory: Unknown
2024/12/15-08:31:44.910301 1d1c                 Options.best_efforts_recovery: 0
2024/12/15-08:31:44.910304 1d1c                Options.max_bgerror_resume_count: 2147483647
2024/12/15-08:31:44.910307 1d1c            Options.bgerror_resume_retry_interval: 1000000
2024/12/15-08:31:44.910310 1d1c             Options.allow_data_in_errors: 0
2024/12/15-08:31:44.910313 1d1c             Options.db_host_id: __hostname__
2024/12/15-08:31:44.910316 1d1c             Options.enforce_single_del_contracts: true
2024/12/15-08:31:44.910319 1d1c             Options.max_background_jobs: 2
2024/12/15-08:31:44.910322 1d1c             Options.max_background_compactions: -1
2024/12/15-08:31:44.910325 1d1c             Options.max_subcompactions: 1
2024/12/15-08:31:44.910328 1d1c             Options.avoid_flush_during_shutdown: 0
2024/12/15-08:31:44.910331 1d1c           Options.writable_file_max_buffer_size: 1048576
2024/12/15-08:31:44.910334 1d1c             Options.delayed_write_rate : 16777216
2024/12/15-08:31:44.910337 1d1c             Options.max_total_wal_size: 1073741824
2024/12/15-08:31:44.910340 1d1c             Options.delete_obsolete_files_period_micros: 21600000000
2024/12/15-08:31:44.910343 1d1c                   Options.stats_dump_period_sec: 600
2024/12/15-08:31:44.910346 1d1c                 Options.stats_persist_period_sec: 600
2024/12/15-08:31:44.910349 1d1c                 Options.stats_history_buffer_size: 1048576
2024/12/15-08:31:44.910352 1d1c                          Options.max_open_files: 1024
2024/12/15-08:31:44.910355 1d1c                          Options.bytes_per_sync: 0
2024/12/15-08:31:44.910357 1d1c                      Options.wal_bytes_per_sync: 0
2024/12/15-08:31:44.910378 1d1c                   Options.strict_bytes_per_sync: 0
2024/12/15-08:31:44.910381 1d1c       Options.compaction_readahead_size: 0
2024/12/15-08:31:44.910400 1d1c                  Options.max_background_flushes: -1
2024/12/15-08:31:44.910405 1d1c Compression algorithms supported:
2024/12/15-08:31:44.910408 1d1c 	kZSTD supported: 1
2024/12/15-08:31:44.910412 1d1c 	kSnappyCompression supported: 1
2024/12/15-08:31:44.910415 1d1c 	kBZip2Compression supported: 0
2024/12/15-08:31:44.910418 1d1c 	kZlibCompression supported: 1
2024/12/15-08:31:44.910421 1d1c 	kLZ4Compression supported: 1
2024/12/15-08:31:44.910423 1d1c 	kXpressCompression supported: 0
2024/12/15-08:31:44.910426 1d1c 	kLZ4HCCompression supported: 1
2024/12/15-08:31:44.910429 1d1c 	kZSTDNotFinalCompression supported: 1
2024/12/15-08:31:44.910432 1d1c Fast CRC32 supported: Not supported on x86
2024/12/15-08:31:44.910435 1d1c DMutex implementation: std::mutex
2024/12/15-08:31:44.911038 1d1c [db\version_set.cc:5834] Recovering from manifest file: D:\workspace\blockchain_final\doan2\IBFT\Node-4\data\database/MANIFEST-000774
2024/12/15-08:31:44.911190 1d1c [db\column_family.cc:621] --------------- Options for column family [default]:
2024/12/15-08:31:44.911200 1d1c               Options.comparator: leveldb.BytewiseComparator
2024/12/15-08:31:44.911203 1d1c           Options.merge_operator: None
2024/12/15-08:31:44.911206 1d1c        Options.compaction_filter: None
2024/12/15-08:31:44.911209 1d1c        Options.compaction_filter_factory: None
2024/12/15-08:31:44.911212 1d1c  Options.sst_partitioner_factory: None
2024/12/15-08:31:44.911214 1d1c         Options.memtable_factory: SkipListFactory
2024/12/15-08:31:44.911217 1d1c            Options.table_factory: BlockBasedTable
2024/12/15-08:31:44.911238 1d1c            table_factory options:   flush_block_policy_factory: FlushBlockBySizePolicyFactory (0000022CD35CC2F0)
  cache_index_and_filter_blocks: 0
  cache_index_and_filter_blocks_with_high_priority: 1
  pin_l0_filter_and_index_blocks_in_cache: 0
  pin_top_level_index_and_filter: 1
  index_type: 0
  data_block_index_type: 0
  index_shortening: 1
  data_block_hash_table_util_ratio: 0.750000
  checksum: 1
  no_block_cache: 0
  block_cache: 0000022CD26201A0
  block_cache_name: LRUCache
  block_cache_options:
    capacity : 134217728
    num_shard_bits : 6
    strict_capacity_limit : 0
    memory_allocator : None
    high_pri_pool_ratio: 0.000
    low_pri_pool_ratio: 0.000
  persistent_cache: 0000000000000000
  block_size: 32768
  block_size_deviation: 10
  block_restart_interval: 16
  index_block_restart_interval: 1
  metadata_block_size: 4096
  partition_filters: 0
  use_delta_encoding: 1
  filter_policy: bloomfilter
  whole_key_filtering: 1
  verify_compression: 0
  read_amp_bytes_per_bit: 0
  format_version: 5
  enable_index_compression: 1
  block_align: 0
  max_auto_readahead_size: 262144
  prepopulate_block_cache: 0
  initial_auto_readahead_size: 8192
  num_file_reads_for_auto_readahead: 2
2024/12/15-08:31:44.911241 1d1c        Options.write_buffer_size: 67108864
2024/12/15-08:31:44.911244 1d1c  Options.max_write_buffer_number: 2
2024/12/15-08:31:44.911248 1d1c          Options.compression: LZ4
2024/12/15-08:31:44.911251 1d1c                  Options.bottommost_compression: Disabled
2024/12/15-08:31:44.911254 1d1c       Options.prefix_extractor: nullptr
2024/12/15-08:31:44.911256 1d1c   Options.memtable_insert_with_hint_prefix_extractor: nullptr
2024/12/15-08:31:44.911259 1d1c             Options.num_levels: 7
2024/12/15-08:31:44.911262 1d1c        Options.min_write_buffer_number_to_merge: 1
2024/12/15-08:31:44.911265 1d1c     Options.max_write_buffer_number_to_maintain: 0
2024/12/15-08:31:44.911268 1d1c     Options.max_write_buffer_size_to_maintain: 134217728
2024/12/15-08:31:44.911270 1d1c            Options.bottommost_compression_opts.window_bits: -14
2024/12/15-08:31:44.911273 1d1c                  Options.bottommost_compression_opts.level: 32767
2024/12/15-08:31:44.911276 1d1c               Options.bottommost_compression_opts.strategy: 0
2024/12/15-08:31:44.911281 1d1c         Options.bottommost_compression_opts.max_dict_bytes: 0
2024/12/15-08:31:44.911284 1d1c         Options.bottommost_compression_opts.zstd_max_train_bytes: 0
2024/12/15-08:31:44.911288 1d1c         Options.bottommost_compression_opts.parallel_threads: 1
2024/12/15-08:31:44.911291 1d1c                  Options.bottommost_compression_opts.enabled: false
2024/12/15-08:31:44.911294 1d1c         Options.bottommost_compression_opts.max_dict_buffer_bytes: 0
2024/12/15-08:31:44.911297 1d1c         Options.bottommost_compression_opts.use_zstd_dict_trainer: true
2024/12/15-08:31:44.911299 1d1c            Options.compression_opts.window_bits: -14
2024/12/15-08:31:44.911302 1d1c                  Options.compression_opts.level: 32767
2024/12/15-08:31:44.911305 1d1c               Options.compression_opts.strategy: 0
2024/12/15-08:31:44.911308 1d1c         Options.compression_opts.max_dict_bytes: 0
2024/12/15-08:31:44.911311 1d1c         Options.compression_opts.zstd_max_train_bytes: 0
2024/12/15-08:31:44.911314 1d1c         Options.compression_opts.use_zstd_dict_trainer: true
2024/12/15-08:31:44.911317 1d1c         Options.compression_opts.parallel_threads: 1
2024/12/15-08:31:44.911320 1d1c                  Options.compression_opts.enabled: false
2024/12/15-08:31:44.911322 1d1c         Options.compression_opts.max_dict_buffer_bytes: 0
2024/12/15-08:31:44.911325 1d1c      Options.level0_file_num_compaction_trigger: 4
2024/12/15-08:31:44.911328 1d1c          Options.level0_slowdown_writes_trigger: 20
2024/12/15-08:31:44.911331 1d1c              Options.level0_stop_writes_trigger: 36
2024/12/15-08:31:44.911334 1d1c                   Options.target_file_size_base: 67108864
2024/12/15-08:31:44.911337 1d1c             Options.target_file_size_multiplier: 1
2024/12/15-08:31:44.911342 1d1c                Options.max_bytes_for_level_base: 268435456
2024/12/15-08:31:44.911345 1d1c Options.level_compaction_dynamic_level_bytes: 0
2024/12/15-08:31:44.911349 1d1c          Options.max_bytes_for_level_multiplier: 10.000000
2024/12/15-08:31:44.911352 1d1c Options.max_bytes_for_level_multiplier_addtl[0]: 1
2024/12/15-08:31:44.911355 1d1c Options.max_bytes_for_level_multiplier_addtl[1]: 1
2024/12/15-08:31:44.911358 1d1c Options.max_bytes_for_level_multiplier_addtl[2]: 1
2024/12/15-08:31:44.911361 1d1c Options.max_bytes_for_level_multiplier_addtl[3]: 1
2024/12/15-08:31:44.911364 1d1c Options.max_bytes_for_level_multiplier_addtl[4]: 1
2024/12/15-08:31:44.911367 1d1c Options.max_bytes_for_level_multiplier_addtl[5]: 1
2024/12/15-08:31:44.911370 1d1c Options.max_bytes_for_level_multiplier_addtl[6]: 1
2024/12/15-08:31:44.911373 1d1c       Options.max_sequential_skip_in_iterations: 8
2024/12/15-08:31:44.911376 1d1c                    Options.max_compaction_bytes: 1677721600
2024/12/15-08:31:44.911379 1d1c   Options.ignore_max_compaction_bytes_for_input: true
2024/12/15-08:31:44.911382 1d1c                        Options.arena_block_size: 1048576
2024/12/15-08:31:44.911385 1d1c   Options.soft_pending_compaction_bytes_limit: 68719476736
2024/12/15-08:31:44.911388 1d1c   Options.hard_pending_compaction_bytes_limit: 274877906944
2024/12/15-08:31:44.911391 1d1c                Options.disable_auto_compactions: 1
2024/12/15-08:31:44.911395 1d1c                        Options.compaction_style: kCompactionStyleLevel
2024/12/15-08:31:44.911398 1d1c                          Options.compaction_pri: kMinOverlappingRatio
2024/12/15-08:31:44.911401 1d1c Options.compaction_options_universal.size_ratio: 1
2024/12/15-08:31:44.911404 1d1c Options.compaction_options_universal.min_merge_width: 2
2024/12/15-08:31:44.911407 1d1c Options.compaction_options_universal.max_merge_width: 4294967295
2024/12/15-08:31:44.911410 1d1c Options.compaction_options_universal.max_size_amplification_percent: 200
2024/12/15-08:31:44.911413 1d1c Options.compaction_options_universal.compression_size_percent: -1
2024/12/15-08:31:44.911417 1d1c Options.compaction_options_universal.stop_style: kCompactionStopStyleTotalSize
2024/12/15-08:31:44.911420 1d1c Options.compaction_options_fifo.max_table_files_size: 1073741824
2024/12/15-08:31:44.911439 1d1c Options.compaction_options_fifo.allow_compaction: 0
2024/12/15-08:31:44.911444 1d1c                   Options.table_properties_collectors: 
2024/12/15-08:31:44.911448 1d1c                   Options.inplace_update_support: 0
2024/12/15-08:31:44.911451 1d1c                 Options.inplace_update_num_locks: 10000
2024/12/15-08:31:44.911454 1d1c               Options.memtable_prefix_bloom_size_ratio: 0.000000
2024/12/15-08:31:44.911458 1d1c               Options.memtable_whole_key_filtering: 0
2024/12/15-08:31:44.911461 1d1c   Options.memtable_huge_page_size: 0
2024/12/15-08:31:44.911464 1d1c                           Options.bloom_locality: 0
2024/12/15-08:31:44.911467 1d1c                    Options.max_successive_merges: 0
2024/12/15-08:31:44.911469 1d1c                Options.optimize_filters_for_hits: 0
2024/12/15-08:31:44.911472 1d1c                Options.paranoid_file_checks: 0
2024/12/15-08:31:44.911475 1d1c                Options.force_consistency_checks: 1
2024/12/15-08:31:44.911478 1d1c                Options.report_bg_io_stats: 0
2024/12/15-08:31:44.911481 1d1c                               Options.ttl: 0
2024/12/15-08:31:44.911483 1d1c          Options.periodic_compaction_seconds: 0
2024/12/15-08:31:44.911486 1d1c  Options.preclude_last_level_data_seconds: 0
2024/12/15-08:31:44.911489 1d1c    Options.preserve_internal_time_seconds: 0
2024/12/15-08:31:44.911492 1d1c                       Options.enable_blob_files: false
2024/12/15-08:31:44.911494 1d1c                           Options.min_blob_size: 0
2024/12/15-08:31:44.911497 1d1c                          Options.blob_file_size: 268435456
2024/12/15-08:31:44.911500 1d1c                   Options.blob_compression_type: NoCompression
2024/12/15-08:31:44.911503 1d1c          Options.enable_blob_garbage_collection: false
2024/12/15-08:31:44.911507 1d1c      Options.blob_garbage_collection_age_cutoff: 0.250000
2024/12/15-08:31:44.911510 1d1c Options.blob_garbage_collection_force_threshold: 1.000000
2024/12/15-08:31:44.911513 1d1c          Options.blob_compaction_readahead_size: 0
2024/12/15-08:31:44.911516 1d1c                Options.blob_file_starting_level: 0
2024/12/15-08:31:44.911519 1d1c Options.experimental_mempurge_threshold: 0.000000
2024/12/15-08:31:44.911611 1d1c [db\column_family.cc:621] --------------- Options for column family []:
2024/12/15-08:31:44.911615 1d1c               Options.comparator: leveldb.BytewiseComparator
2024/12/15-08:31:44.911618 1d1c           Options.merge_operator: None
2024/12/15-08:31:44.911620 1d1c        Options.compaction_filter: None
2024/12/15-08:31:44.911623 1d1c        Options.compaction_filter_factory: None
2024/12/15-08:31:44.911626 1d1c  Options.sst_partitioner_factory: None
2024/12/15-08:31:44.911629 1d1c         Options.memtable_factory: SkipListFactory
2024/12/15-08:31:44.911632 1d1c            Options.table_factory: BlockBasedTable
2024/12/15-08:31:44.911646 1d1c            table_factory options:   flush_block_policy_factory: FlushBlockBySizePolicyFactory (0000022CD35CBD80)
  cache_index_and_filter_blocks: 0
  cache_index_and_filter_blocks_with_high_priority: 1
  pin_l0_filter_and_index_blocks_in_cache: 0
  pin_top_level_index_and_filter: 1
  index_type: 0
  data_block_index_type: 0
  index_shortening: 1
  data_block_hash_table_util_ratio: 0.750000
  checksum: 1
  no_block_cache: 0
  block_cache: 0000022CD2620470
  block_cache_name: LRUCache
  block_cache_options:
    capacity : 134217728
    num_shard_bits : 6
    strict_capacity_limit : 0
    memory_allocator : None
    high_pri_pool_ratio: 0.000
    low_pri_pool_ratio: 0.000
  persistent_cache: 0000000000000000
  block_size: 32768
  block_size_deviation: 10
  block_restart_interval: 16
  index_block_restart_interval: 1
  metadata_block_size: 4096
  partition_filters: 0
  use_delta_encoding: 1
  filter_policy: bloomfilter
  whole_key_filtering: 1
  verify_compression: 0
  read_amp_bytes_per_bit: 0
  format_version: 5
  enable_index_compression: 1
  block_align: 0
  max_auto_readahead_size: 262144
  prepopulate_block_cache: 0
  initial_auto_readahead_size: 8192
  num_file_reads_for_auto_readahead: 2
2024/12/15-08:31:44.911651 1d1c        Options.write_buffer_size: 67108864
2024/12/15-08:31:44.911654 1d1c  Options.max_write_buffer_number: 2
2024/12/15-08:31:44.911657 1d1c          Options.compression: LZ4
2024/12/15-08:31:44.911660 1d1c                  Options.bottommost_compression: Disabled
2024/12/15-08:31:44.911663 1d1c       Options.prefix_extractor: nullptr
2024/12/15-08:31:44.911666 1d1c   Options.memtable_insert_with_hint_prefix_extractor: nullptr
2024/12/15-08:31:44.911669 1d1c             Options.num_levels: 7
2024/12/15-08:31:44.911671 1d1c        Options.min_write_buffer_number_to_merge: 1
2024/12/15-08:31:44.911674 1d1c     Options.max_write_buffer_number_to_maintain: 0
2024/12/15-08:31:44.911677 1d1c     Options.max_write_buffer_size_to_maintain: 134217728
2024/12/15-08:31:44.911680 1d1c            Options.bottommost_compression_opts.window_bits: -14
2024/12/15-08:31:44.911683 1d1c                  Options.bottommost_compression_opts.level: 32767
2024/12/15-08:31:44.911686 1d1c               Options.bottommost_compression_opts.strategy: 0
2024/12/15-08:31:44.911689 1d1c         Options.bottommost_compression_opts.max_dict_bytes: 0
2024/12/15-08:31:44.911692 1d1c         Options.bottommost_compression_opts.zstd_max_train_bytes: 0
2024/12/15-08:31:44.911695 1d1c         Options.bottommost_compression_opts.parallel_threads: 1
2024/12/15-08:31:44.911698 1d1c                  Options.bottommost_compression_opts.enabled: false
2024/12/15-08:31:44.911701 1d1c         Options.bottommost_compression_opts.max_dict_buffer_bytes: 0
2024/12/15-08:31:44.911704 1d1c         Options.bottommost_compression_opts.use_zstd_dict_trainer: true
2024/12/15-08:31:44.911707 1d1c            Options.compression_opts.window_bits: -14
2024/12/15-08:31:44.911710 1d1c                  Options.compression_opts.level: 32767
2024/12/15-08:31:44.911713 1d1c               Options.compression_opts.strategy: 0
2024/12/15-08:31:44.911716 1d1c         Options.compression_opts.max_dict_bytes: 0
2024/12/15-08:31:44.911719 1d1c         Options.compression_opts.zstd_max_train_bytes: 0
2024/12/15-08:31:44.911721 1d1c         Options.compression_opts.use_zstd_dict_trainer: true
2024/12/15-08:31:44.911724 1d1c         Options.compression_opts.parallel_threads: 1
2024/12/15-08:31:44.911727 1d1c                  Options.compression_opts.enabled: false
2024/12/15-08:31:44.911730 1d1c         Options.compression_opts.max_dict_buffer_bytes: 0
2024/12/15-08:31:44.911733 1d1c      Options.level0_file_num_compaction_trigger: 4
2024/12/15-08:31:44.911736 1d1c          Options.level0_slowdown_writes_trigger: 20
2024/12/15-08:31:44.911739 1d1c              Options.level0_stop_writes_trigger: 36
2024/12/15-08:31:44.911742 1d1c                   Options.target_file_size_base: 67108864
2024/12/15-08:31:44.911745 1d1c             Options.target_file_size_multiplier: 1
2024/12/15-08:31:44.911748 1d1c                Options.max_bytes_for_level_base: 268435456
2024/12/15-08:31:44.911751 1d1c Options.level_compaction_dynamic_level_bytes: 0
2024/12/15-08:31:44.911754 1d1c          Options.max_bytes_for_level_multiplier: 10.000000
2024/12/15-08:31:44.911757 1d1c Options.max_bytes_for_level_multiplier_addtl[0]: 1
2024/12/15-08:31:44.911760 1d1c Options.max_bytes_for_level_multiplier_addtl[1]: 1
2024/12/15-08:31:44.911763 1d1c Options.max_bytes_for_level_multiplier_addtl[2]: 1
2024/12/15-08:31:44.911766 1d1c Options.max_bytes_for_level_multiplier_addtl[3]: 1
2024/12/15-08:31:44.911769 1d1c Options.max_bytes_for_level_multiplier_addtl[4]: 1
2024/12/15-08:31:44.911771 1d1c Options.max_bytes_for_level_multiplier_addtl[5]: 1
2024/12/15-08:31:44.911774 1d1c Options.max_bytes_for_level_multiplier_addtl[6]: 1
2024/12/15-08:31:44.911777 1d1c       Options.max_sequential_skip_in_iterations: 8
2024/12/15-08:31:44.911783 1d1c                    Options.max_compaction_bytes: 1677721600
2024/12/15-08:31:44.911786 1d1c   Options.ignore_max_compaction_bytes_for_input: true
2024/12/15-08:31:44.911789 1d1c                        Options.arena_block_size: 1048576
2024/12/15-08:31:44.911793 1d1c   Options.soft_pending_compaction_bytes_limit: 68719476736
2024/12/15-08:31:44.911796 1d1c   Options.hard_pending_compaction_bytes_limit: 274877906944
2024/12/15-08:31:44.911798 1d1c                Options.disable_auto_compactions: 1
2024/12/15-08:31:44.911802 1d1c                        Options.compaction_style: kCompactionStyleLevel
2024/12/15-08:31:44.911805 1d1c                          Options.compaction_pri: kMinOverlappingRatio
2024/12/15-08:31:44.911808 1d1c Options.compaction_options_universal.size_ratio: 1
2024/12/15-08:31:44.911811 1d1c Options.compaction_options_universal.min_merge_width: 2
2024/12/15-08:31:44.911814 1d1c Options.compaction_options_universal.max_merge_width: 4294967295
2024/12/15-08:31:44.911817 1d1c Options.compaction_options_universal.max_size_amplification_percent: 200
2024/12/15-08:31:44.911820 1d1c Options.compaction_options_universal.compression_size_percent: -1
2024/12/15-08:31:44.911823 1d1c Options.compaction_options_universal.stop_style: kCompactionStopStyleTotalSize
2024/12/15-08:31:44.911826 1d1c Options.compaction_options_fifo.max_table_files_size: 1073741824
2024/12/15-08:31:44.911829 1d1c Options.compaction_options_fifo.allow_compaction: 0
2024/12/15-08:31:44.911833 1d1c                   Options.table_properties_collectors: 
2024/12/15-08:31:44.911836 1d1c                   Options.inplace_update_support: 0
2024/12/15-08:31:44.911839 1d1c                 Options.inplace_update_num_locks: 10000
2024/12/15-08:31:44.911842 1d1c               Options.memtable_prefix_bloom_size_ratio: 0.000000
2024/12/15-08:31:44.911845 1d1c               Options.memtable_whole_key_filtering: 0
2024/12/15-08:31:44.911849 1d1c   Options.memtable_huge_page_size: 0
2024/12/15-08:31:44.911852 1d1c                           Options.bloom_locality: 0
2024/12/15-08:31:44.911855 1d1c                    Options.max_successive_merges: 0
2024/12/15-08:31:44.911859 1d1c                Options.optimize_filters_for_hits: 0
2024/12/15-08:31:44.911862 1d1c                Options.paranoid_file_checks: 0
2024/12/15-08:31:44.911865 1d1c                Options.force_consistency_checks: 1
2024/12/15-08:31:44.911867 1d1c                Options.report_bg_io_stats: 0
2024/12/15-08:31:44.911870 1d1c                               Options.ttl: 0
2024/12/15-08:31:44.911873 1d1c          Options.periodic_compaction_seconds: 0
2024/12/15-08:31:44.911876 1d1c  Options.preclude_last_level_data_seconds: 0
2024/12/15-08:31:44.911879 1d1c    Options.preserve_internal_time_seconds: 0
2024/12/15-08:31:44.911882 1d1c                       Options.enable_blob_files: true
2024/12/15-08:31:44.911885 1d1c                           Options.min_blob_size: 100
2024/12/15-08:31:44.911887 1d1c                          Options.blob_file_size: 268435456
2024/12/15-08:31:44.911891 1d1c                   Options.blob_compression_type: LZ4
2024/12/15-08:31:44.911894 1d1c          Options.enable_blob_garbage_collection: false
2024/12/15-08:31:44.911897 1d1c      Options.blob_garbage_collection_age_cutoff: 0.250000
2024/12/15-08:31:44.911900 1d1c Options.blob_garbage_collection_force_threshold: 1.000000
2024/12/15-08:31:44.911903 1d1c          Options.blob_compaction_readahead_size: 0
2024/12/15-08:31:44.911906 1d1c                Options.blob_file_starting_level: 0
2024/12/15-08:31:44.911909 1d1c Options.experimental_mempurge_threshold: 0.000000
2024/12/15-08:31:44.911968 1d1c [db\column_family.cc:621] --------------- Options for column family []:
2024/12/15-08:31:44.911972 1d1c               Options.comparator: leveldb.BytewiseComparator
2024/12/15-08:31:44.911975 1d1c           Options.merge_operator: None
2024/12/15-08:31:44.911978 1d1c        Options.compaction_filter: None
2024/12/15-08:31:44.911980 1d1c        Options.compaction_filter_factory: None
2024/12/15-08:31:44.911983 1d1c  Options.sst_partitioner_factory: None
2024/12/15-08:31:44.911986 1d1c         Options.memtable_factory: SkipListFactory
2024/12/15-08:31:44.911990 1d1c            Options.table_factory: BlockBasedTable
2024/12/15-08:31:44.912004 1d1c            table_factory options:   flush_block_policy_factory: FlushBlockBySizePolicyFactory (0000022CD35CCD40)
  cache_index_and_filter_blocks: 0
  cache_index_and_filter_blocks_with_high_priority: 1
  pin_l0_filter_and_index_blocks_in_cache: 0
  pin_top_level_index_and_filter: 1
  index_type: 0
  data_block_index_type: 0
  index_shortening: 1
  data_block_hash_table_util_ratio: 0.750000
  checksum: 1
  no_block_cache: 0
  block_cache: 0000022CD2620830
  block_cache_name: LRUCache
  block_cache_options:
    capacity : 134217728
    num_shard_bits : 6
    strict_capacity_limit : 0
    memory_allocator : None
    high_pri_pool_ratio: 0.000
    low_pri_pool_ratio: 0.000
  persistent_cache: 0000000000000000
  block_size: 32768
  block_size_deviation: 10
  block_restart_interval: 16
  index_block_restart_interval: 1
  metadata_block_size: 4096
  partition_filters: 0
  use_delta_encoding: 1
  filter_policy: bloomfilter
  whole_key_filtering: 1
  verify_compression: 0
  read_amp_bytes_per_bit: 0
  format_version: 5
  enable_index_compression: 1
  block_align: 0
  max_auto_readahead_size: 262144
  prepopulate_block_cache: 0
  initial_auto_readahead_size: 8192
  num_file_reads_for_auto_readahead: 2
2024/12/15-08:31:44.912008 1d1c        Options.write_buffer_size: 67108864
2024/12/15-08:31:44.912011 1d1c  Options.max_write_buffer_number: 2
2024/12/15-08:31:44.912014 1d1c          Options.compression: LZ4
2024/12/15-08:31:44.912017 1d1c                  Options.bottommost_compression: Disabled
2024/12/15-08:31:44.912020 1d1c       Options.prefix_extractor: nullptr
2024/12/15-08:31:44.912023 1d1c   Options.memtable_insert_with_hint_prefix_extractor: nullptr
2024/12/15-08:31:44.912025 1d1c             Options.num_levels: 7
2024/12/15-08:31:44.912028 1d1c        Options.min_write_buffer_number_to_merge: 1
2024/12/15-08:31:44.912031 1d1c     Options.max_write_buffer_number_to_maintain: 0
2024/12/15-08:31:44.912034 1d1c     Options.max_write_buffer_size_to_maintain: 134217728
2024/12/15-08:31:44.912037 1d1c            Options.bottommost_compression_opts.window_bits: -14
2024/12/15-08:31:44.912040 1d1c                  Options.bottommost_compression_opts.level: 32767
2024/12/15-08:31:44.912043 1d1c               Options.bottommost_compression_opts.strategy: 0
2024/12/15-08:31:44.912046 1d1c         Options.bottommost_compression_opts.max_dict_bytes: 0
2024/12/15-08:31:44.912049 1d1c         Options.bottommost_compression_opts.zstd_max_train_bytes: 0
2024/12/15-08:31:44.912052 1d1c         Options.bottommost_compression_opts.parallel_threads: 1
2024/12/15-08:31:44.912055 1d1c                  Options.bottommost_compression_opts.enabled: false
2024/12/15-08:31:44.912058 1d1c         Options.bottommost_compression_opts.max_dict_buffer_bytes: 0
2024/12/15-08:31:44.912062 1d1c         Options.bottommost_compression_opts.use_zstd_dict_trainer: true
2024/12/15-08:31:44.912065 1d1c            Options.compression_opts.window_bits: -14
2024/12/15-08:31:44.912068 1d1c                  Options.compression_opts.level: 32767
2024/12/15-08:31:44.912071 1d1c               Options.compression_opts.strategy: 0
2024/12/15-08:31:44.912074 1d1c         Options.compression_opts.max_dict_bytes: 0
2024/12/15-08:31:44.912076 1d1c         Options.compression_opts.zstd_max_train_bytes: 0
2024/12/15-08:31:44.912079 1d1c         Options.compression_opts.use_zstd_dict_trainer: true
2024/12/15-08:31:44.912082 1d1c         Options.compression_opts.parallel_threads: 1
2024/12/15-08:31:44.912085 1d1c                  Options.compression_opts.enabled: false
2024/12/15-08:31:44.912088 1d1c         Options.compression_opts.max_dict_buffer_bytes: 0
2024/12/15-08:31:44.912091 1d1c      Options.level0_file_num_compaction_trigger: 4
2024/12/15-08:31:44.912094 1d1c          Options.level0_slowdown_writes_trigger: 20
2024/12/15-08:31:44.912096 1d1c              Options.level0_stop_writes_trigger: 36
2024/12/15-08:31:44.912099 1d1c                   Options.target_file_size_base: 67108864
2024/12/15-08:31:44.912116 1d1c             Options.target_file_size_multiplier: 1
2024/12/15-08:31:44.912120 1d1c                Options.max_bytes_for_level_base: 268435456
2024/12/15-08:31:44.912122 1d1c Options.level_compaction_dynamic_level_bytes: 0
2024/12/15-08:31:44.912126 1d1c          Options.max_bytes_for_level_multiplier: 10.000000
2024/12/15-08:31:44.912129 1d1c Options.max_bytes_for_level_multiplier_addtl[0]: 1
2024/12/15-08:31:44.912132 1d1c Options.max_bytes_for_level_multiplier_addtl[1]: 1
2024/12/15-08:31:44.912135 1d1c Options.max_bytes_for_level_multiplier_addtl[2]: 1
2024/12/15-08:31:44.912137 1d1c Options.max_bytes_for_level_multiplier_addtl[3]: 1
2024/12/15-08:31:44.912140 1d1c Options.max_bytes_for_level_multiplier_addtl[4]: 1
2024/12/15-08:31:44.912143 1d1c Options.max_bytes_for_level_multiplier_addtl[5]: 1
2024/12/15-08:31:44.912146 1d1c Options.max_bytes_for_level_multiplier_addtl[6]: 1
2024/12/15-08:31:44.912149 1d1c       Options.max_sequential_skip_in_iterations: 8
2024/12/15-08:31:44.912152 1d1c                    Options.max_compaction_bytes: 1677721600
2024/12/15-08:31:44.912155 1d1c   Options.ignore_max_compaction_bytes_for_input: true
2024/12/15-08:31:44.912158 1d1c                        Options.arena_block_size: 1048576
2024/12/15-08:31:44.912160 1d1c   Options.soft_pending_compaction_bytes_limit: 68719476736
2024/12/15-08:31:44.912163 1d1c   Options.hard_pending_compaction_bytes_limit: 274877906944
2024/12/15-08:31:44.912166 1d1c                Options.disable_auto_compactions: 1
2024/12/15-08:31:44.912169 1d1c                        Options.compaction_style: kCompactionStyleLevel
2024/12/15-08:31:44.912172 1d1c                          Options.compaction_pri: kMinOverlappingRatio
2024/12/15-08:31:44.912175 1d1c Options.compaction_options_universal.size_ratio: 1
2024/12/15-08:31:44.912178 1d1c Options.compaction_options_universal.min_merge_width: 2
2024/12/15-08:31:44.912181 1d1c Options.compaction_options_universal.max_merge_width: 4294967295
2024/12/15-08:31:44.912184 1d1c Options.compaction_options_universal.max_size_amplification_percent: 200
2024/12/15-08:31:44.912187 1d1c Options.compaction_options_universal.compression_size_percent: -1
2024/12/15-08:31:44.912190 1d1c Options.compaction_options_universal.stop_style: kCompactionStopStyleTotalSize
2024/12/15-08:31:44.912193 1d1c Options.compaction_options_fifo.max_table_files_size: 1073741824
2024/12/15-08:31:44.912196 1d1c Options.compaction_options_fifo.allow_compaction: 0
2024/12/15-08:31:44.912199 1d1c                   Options.table_properties_collectors: 
2024/12/15-08:31:44.912202 1d1c                   Options.inplace_update_support: 0
2024/12/15-08:31:44.912205 1d1c                 Options.inplace_update_num_locks: 10000
2024/12/15-08:31:44.912209 1d1c               Options.memtable_prefix_bloom_size_ratio: 0.000000
2024/12/15-08:31:44.912212 1d1c               Options.memtable_whole_key_filtering: 0
2024/12/15-08:31:44.912214 1d1c   Options.memtable_huge_page_size: 0
2024/12/15-08:31:44.912217 1d1c                           Options.bloom_locality: 0
2024/12/15-08:31:44.912220 1d1c                    Options.max_successive_merges: 0
2024/12/15-08:31:44.912223 1d1c                Options.optimize_filters_for_hits: 0
2024/12/15-08:31:44.912227 1d1c                Options.paranoid_file_checks: 0
2024/12/15-08:31:44.912229 1d1c                Options.force_consistency_checks: 1
2024/12/15-08:31:44.912233 1d1c                Options.report_bg_io_stats: 0
2024/12/15-08:31:44.912236 1d1c                               Options.ttl: 0
2024/12/15-08:31:44.912238 1d1c          Options.periodic_compaction_seconds: 0
2024/12/15-08:31:44.912241 1d1c  Options.preclude_last_level_data_seconds: 0
2024/12/15-08:31:44.912244 1d1c    Options.preserve_internal_time_seconds: 0
2024/12/15-08:31:44.912247 1d1c                       Options.enable_blob_files: false
2024/12/15-08:31:44.912250 1d1c                           Options.min_blob_size: 0
2024/12/15-08:31:44.912253 1d1c                          Options.blob_file_size: 268435456
2024/12/15-08:31:44.912256 1d1c                   Options.blob_compression_type: NoCompression
2024/12/15-08:31:44.912259 1d1c          Options.enable_blob_garbage_collection: false
2024/12/15-08:31:44.912262 1d1c      Options.blob_garbage_collection_age_cutoff: 0.250000
2024/12/15-08:31:44.912266 1d1c Options.blob_garbage_collection_force_threshold: 1.000000
2024/12/15-08:31:44.912269 1d1c          Options.blob_compaction_readahead_size: 0
2024/12/15-08:31:44.912272 1d1c                Options.blob_file_starting_level: 0
2024/12/15-08:31:44.912275 1d1c Options.experimental_mempurge_threshold: 0.000000
2024/12/15-08:31:44.912313 1d1c [db\column_family.cc:621] --------------- Options for column family []:
2024/12/15-08:31:44.912316 1d1c               Options.comparator: leveldb.BytewiseComparator
2024/12/15-08:31:44.912319 1d1c           Options.merge_operator: None
2024/12/15-08:31:44.912321 1d1c        Options.compaction_filter: None
2024/12/15-08:31:44.912324 1d1c        Options.compaction_filter_factory: None
2024/12/15-08:31:44.912327 1d1c  Options.sst_partitioner_factory: None
2024/12/15-08:31:44.912330 1d1c         Options.memtable_factory: SkipListFactory
2024/12/15-08:31:44.912333 1d1c            Options.table_factory: BlockBasedTable
2024/12/15-08:31:44.912348 1d1c            table_factory options:   flush_block_policy_factory: FlushBlockBySizePolicyFactory (0000022CD35CD190)
  cache_index_and_filter_blocks: 0
  cache_index_and_filter_blocks_with_high_priority: 1
  pin_l0_filter_and_index_blocks_in_cache: 0
  pin_top_level_index_and_filter: 1
  index_type: 0
  data_block_index_type: 0
  index_shortening: 1
  data_block_hash_table_util_ratio: 0.750000
  checksum: 1
  no_block_cache: 0
  block_cache: 0000022CD2620A10
  block_cache_name: LRUCache
  block_cache_options:
    capacity : 134217728
    num_shard_bits : 6
    strict_capacity_limit : 0
    memory_allocator : None
    high_pri_pool_ratio: 0.000
    low_pri_pool_ratio: 0.000
  persistent_cache: 0000000000000000
  block_size: 32768
  block_size_deviation: 10
  block_restart_interval: 16
  index_block_restart_interval: 1
  metadata_block_size: 4096
  partition_filters: 0
  use_delta_encoding: 1
  filter_policy: bloomfilter
  whole_key_filtering: 1
  verify_compression: 0
  read_amp_bytes_per_bit: 0
  format_version: 5
  enable_index_compression: 1
  block_align: 0
  max_auto_readahead_size: 262144
  prepopulate_block_cache: 0
  initial_auto_readahead_size: 8192
  num_file_reads_for_auto_readahead: 2
2024/12/15-08:31:44.912352 1d1c        Options.write_buffer_size: 67108864
2024/12/15-08:31:44.912355 1d1c  Options.max_write_buffer_number: 2
2024/12/15-08:31:44.912357 1d1c          Options.compression: LZ4
2024/12/15-08:31:44.912360 1d1c                  Options.bottommost_compression: Disabled
2024/12/15-08:31:44.912363 1d1c       Options.prefix_extractor: nullptr
2024/12/15-08:31:44.912366 1d1c   Options.memtable_insert_with_hint_prefix_extractor: nullptr
2024/12/15-08:31:44.912369 1d1c             Options.num_levels: 7
