2024/12/15-07:51:28.399151 4b74 RocksDB version: 8.3.2
2024/12/15-07:51:28.399240 4b74 Git sha 3f7c92b9753b697ce6a5ea737086d2751f17956c
2024/12/15-07:51:28.399262 4b74 Compile date 2023-06-28 10:58:06
2024/12/15-07:51:28.399277 4b74 DB SUMMARY
2024/12/15-07:51:28.399290 4b74 DB Session ID:  DZFTOTMJN54YWRSNO5AY
2024/12/15-07:51:28.402789 4b74 CURRENT file:  CURRENT
2024/12/15-07:51:28.402803 4b74 IDENTITY file:  IDENTITY
2024/12/15-07:51:28.402870 4b74 MANIFEST file:  MANIFEST-000608 size: 2220 Bytes
2024/12/15-07:51:28.402879 4b74 SST files in D:\workspace\blockchain_final\doan2\IBFT\Node-3\data\database dir, Total Num: 6, files: 000546.sst 000578.sst 000589.sst 000603.sst 000605.sst 000606.sst 
2024/12/15-07:51:28.402889 4b74 Write Ahead Log file in D:\workspace\blockchain_final\doan2\IBFT\Node-3\data\database: 000004.log size: 70452 ; 000062.log size: 238783 ; 000096.log size: 139520 ; 000129.log size: 790591 ; 000163.log size: 1707659 ; 000198.log size: 27202 ; 000231.log size: 360 ; 000263.log size: 7666 ; 000296.log size: 308112 ; 000331.log size: 13791 ; 000364.log size: 26248 ; 000398.log size: 71922 ; 000433.log size: 352742 ; 000469.log size: 1770060 ; 000503.log size: 391109 ; 000537.log size: 229937 ; 000571.log size: 245021 ; 000607.log size: 24760 ; 
2024/12/15-07:51:28.402898 4b74                         Options.error_if_exists: 0
2024/12/15-07:51:28.402903 4b74                       Options.create_if_missing: 1
2024/12/15-07:51:28.402909 4b74                         Options.paranoid_checks: 1
2024/12/15-07:51:28.402914 4b74             Options.flush_verify_memtable_count: 1
2024/12/15-07:51:28.402918 4b74                               Options.track_and_verify_wals_in_manifest: 0
2024/12/15-07:51:28.402923 4b74        Options.verify_sst_unique_id_in_manifest: 1
2024/12/15-07:51:28.402928 4b74                                     Options.env: 0000021EE1C20980
2024/12/15-07:51:28.402936 4b74                                      Options.fs: WinFS
2024/12/15-07:51:28.402942 4b74                                Options.info_log: 0000021EE1AC4200
2024/12/15-07:51:28.402946 4b74                Options.max_file_opening_threads: 16
2024/12/15-07:51:28.402952 4b74                              Options.statistics: 0000021EE308C140
2024/12/15-07:51:28.402957 4b74                               Options.use_fsync: 0
2024/12/15-07:51:28.402963 4b74                       Options.max_log_file_size: 0
2024/12/15-07:51:28.402969 4b74                  Options.max_manifest_file_size: 1073741824
2024/12/15-07:51:28.402974 4b74                   Options.log_file_time_to_roll: 86400
2024/12/15-07:51:28.402979 4b74                       Options.keep_log_file_num: 7
2024/12/15-07:51:28.402984 4b74                    Options.recycle_log_file_num: 0
2024/12/15-07:51:28.402990 4b74                         Options.allow_fallocate: 1
2024/12/15-07:51:28.402996 4b74                        Options.allow_mmap_reads: 0
2024/12/15-07:51:28.403001 4b74                       Options.allow_mmap_writes: 0
2024/12/15-07:51:28.403005 4b74                        Options.use_direct_reads: 0
2024/12/15-07:51:28.403010 4b74                        Options.use_direct_io_for_flush_and_compaction: 0
2024/12/15-07:51:28.403015 4b74          Options.create_missing_column_families: 1
2024/12/15-07:51:28.403020 4b74                              Options.db_log_dir: 
2024/12/15-07:51:28.403025 4b74                                 Options.wal_dir: 
2024/12/15-07:51:28.403030 4b74                Options.table_cache_numshardbits: 6
2024/12/15-07:51:28.403035 4b74                         Options.WAL_ttl_seconds: 0
2024/12/15-07:51:28.403039 4b74                       Options.WAL_size_limit_MB: 0
2024/12/15-07:51:28.403044 4b74                        Options.max_write_batch_group_size_bytes: 1048576
2024/12/15-07:51:28.403050 4b74             Options.manifest_preallocation_size: 4194304
2024/12/15-07:51:28.403055 4b74                     Options.is_fd_close_on_exec: 1
2024/12/15-07:51:28.403060 4b74                   Options.advise_random_on_open: 1
2024/12/15-07:51:28.403065 4b74                    Options.db_write_buffer_size: 0
2024/12/15-07:51:28.403109 4b74                    Options.write_buffer_manager: 0000021EE1C22E10
2024/12/15-07:51:28.403117 4b74         Options.access_hint_on_compaction_start: 1
2024/12/15-07:51:28.403123 4b74           Options.random_access_max_buffer_size: 1048576
2024/12/15-07:51:28.403128 4b74                      Options.use_adaptive_mutex: 0
2024/12/15-07:51:28.403133 4b74                            Options.rate_limiter: 0000000000000000
2024/12/15-07:51:28.403138 4b74     Options.sst_file_manager.rate_bytes_per_sec: 0
2024/12/15-07:51:28.403144 4b74                       Options.wal_recovery_mode: 2
2024/12/15-07:51:28.403149 4b74                  Options.enable_thread_tracking: 0
2024/12/15-07:51:28.403153 4b74                  Options.enable_pipelined_write: 0
2024/12/15-07:51:28.403159 4b74                  Options.unordered_write: 0
2024/12/15-07:51:28.403164 4b74         Options.allow_concurrent_memtable_write: 1
2024/12/15-07:51:28.403169 4b74      Options.enable_write_thread_adaptive_yield: 1
2024/12/15-07:51:28.403175 4b74             Options.write_thread_max_yield_usec: 100
2024/12/15-07:51:28.403180 4b74            Options.write_thread_slow_yield_usec: 3
2024/12/15-07:51:28.403185 4b74                               Options.row_cache: None
2024/12/15-07:51:28.403190 4b74                              Options.wal_filter: None
2024/12/15-07:51:28.403195 4b74             Options.avoid_flush_during_recovery: 0
2024/12/15-07:51:28.403200 4b74             Options.allow_ingest_behind: 0
2024/12/15-07:51:28.403205 4b74             Options.two_write_queues: 0
2024/12/15-07:51:28.403210 4b74             Options.manual_wal_flush: 0
2024/12/15-07:51:28.403215 4b74             Options.wal_compression: 0
2024/12/15-07:51:28.403220 4b74             Options.atomic_flush: 0
2024/12/15-07:51:28.403225 4b74             Options.avoid_unnecessary_blocking_io: 0
2024/12/15-07:51:28.403230 4b74                 Options.persist_stats_to_disk: 0
2024/12/15-07:51:28.403235 4b74                 Options.write_dbid_to_manifest: 0
2024/12/15-07:51:28.403240 4b74                 Options.log_readahead_size: 0
2024/12/15-07:51:28.403244 4b74                 Options.file_checksum_gen_factory: Unknown
2024/12/15-07:51:28.403248 4b74                 Options.best_efforts_recovery: 0
2024/12/15-07:51:28.403252 4b74                Options.max_bgerror_resume_count: 2147483647
2024/12/15-07:51:28.403255 4b74            Options.bgerror_resume_retry_interval: 1000000
2024/12/15-07:51:28.403262 4b74             Options.allow_data_in_errors: 0
2024/12/15-07:51:28.403266 4b74             Options.db_host_id: __hostname__
2024/12/15-07:51:28.403270 4b74             Options.enforce_single_del_contracts: true
2024/12/15-07:51:28.403274 4b74             Options.max_background_jobs: 2
2024/12/15-07:51:28.403278 4b74             Options.max_background_compactions: -1
2024/12/15-07:51:28.403281 4b74             Options.max_subcompactions: 1
2024/12/15-07:51:28.403285 4b74             Options.avoid_flush_during_shutdown: 0
2024/12/15-07:51:28.403289 4b74           Options.writable_file_max_buffer_size: 1048576
2024/12/15-07:51:28.403292 4b74             Options.delayed_write_rate : 16777216
2024/12/15-07:51:28.403296 4b74             Options.max_total_wal_size: 1073741824
2024/12/15-07:51:28.403300 4b74             Options.delete_obsolete_files_period_micros: 21600000000
2024/12/15-07:51:28.403304 4b74                   Options.stats_dump_period_sec: 600
2024/12/15-07:51:28.403307 4b74                 Options.stats_persist_period_sec: 600
2024/12/15-07:51:28.403311 4b74                 Options.stats_history_buffer_size: 1048576
2024/12/15-07:51:28.403315 4b74                          Options.max_open_files: 1024
2024/12/15-07:51:28.403319 4b74                          Options.bytes_per_sync: 0
2024/12/15-07:51:28.403322 4b74                      Options.wal_bytes_per_sync: 0
2024/12/15-07:51:28.403326 4b74                   Options.strict_bytes_per_sync: 0
2024/12/15-07:51:28.403329 4b74       Options.compaction_readahead_size: 0
2024/12/15-07:51:28.403349 4b74                  Options.max_background_flushes: -1
2024/12/15-07:51:28.403356 4b74 Compression algorithms supported:
2024/12/15-07:51:28.403360 4b74 	kZSTD supported: 1
2024/12/15-07:51:28.403364 4b74 	kSnappyCompression supported: 1
2024/12/15-07:51:28.403367 4b74 	kBZip2Compression supported: 0
2024/12/15-07:51:28.403371 4b74 	kZlibCompression supported: 1
2024/12/15-07:51:28.403374 4b74 	kLZ4Compression supported: 1
2024/12/15-07:51:28.403378 4b74 	kXpressCompression supported: 0
2024/12/15-07:51:28.403381 4b74 	kLZ4HCCompression supported: 1
2024/12/15-07:51:28.403385 4b74 	kZSTDNotFinalCompression supported: 1
2024/12/15-07:51:28.403389 4b74 Fast CRC32 supported: Not supported on x86
2024/12/15-07:51:28.403392 4b74 DMutex implementation: std::mutex
2024/12/15-07:51:28.404261 4b74 [db\version_set.cc:5834] Recovering from manifest file: D:\workspace\blockchain_final\doan2\IBFT\Node-3\data\database/MANIFEST-000608
2024/12/15-07:51:28.404521 4b74 [db\column_family.cc:621] --------------- Options for column family [default]:
2024/12/15-07:51:28.404553 4b74               Options.comparator: leveldb.BytewiseComparator
2024/12/15-07:51:28.404559 4b74           Options.merge_operator: None
2024/12/15-07:51:28.404564 4b74        Options.compaction_filter: None
2024/12/15-07:51:28.404570 4b74        Options.compaction_filter_factory: None
2024/12/15-07:51:28.404574 4b74  Options.sst_partitioner_factory: None
2024/12/15-07:51:28.404579 4b74         Options.memtable_factory: SkipListFactory
2024/12/15-07:51:28.404584 4b74            Options.table_factory: BlockBasedTable
2024/12/15-07:51:28.404612 4b74            table_factory options:   flush_block_policy_factory: FlushBlockBySizePolicyFactory (0000021EE0D79C30)
  cache_index_and_filter_blocks: 0
  cache_index_and_filter_blocks_with_high_priority: 1
  pin_l0_filter_and_index_blocks_in_cache: 0
  pin_top_level_index_and_filter: 1
  index_type: 0
  data_block_index_type: 0
  index_shortening: 1
  data_block_hash_table_util_ratio: 0.750000
  checksum: 1
  no_block_cache: 0
  block_cache: 0000021EE1C1F7C0
  block_cache_name: LRUCache
  block_cache_options:
    capacity : 134217728
    num_shard_bits : 6
    strict_capacity_limit : 0
    memory_allocator : None
    high_pri_pool_ratio: 0.000
    low_pri_pool_ratio: 0.000
  persistent_cache: 0000000000000000
  block_size: 32768
  block_size_deviation: 10
  block_restart_interval: 16
  index_block_restart_interval: 1
  metadata_block_size: 4096
  partition_filters: 0
  use_delta_encoding: 1
  filter_policy: bloomfilter
  whole_key_filtering: 1
  verify_compression: 0
  read_amp_bytes_per_bit: 0
  format_version: 5
  enable_index_compression: 1
  block_align: 0
  max_auto_readahead_size: 262144
  prepopulate_block_cache: 0
  initial_auto_readahead_size: 8192
  num_file_reads_for_auto_readahead: 2
2024/12/15-07:51:28.404618 4b74        Options.write_buffer_size: 67108864
2024/12/15-07:51:28.404624 4b74  Options.max_write_buffer_number: 2
2024/12/15-07:51:28.404629 4b74          Options.compression: LZ4
2024/12/15-07:51:28.404634 4b74                  Options.bottommost_compression: Disabled
2024/12/15-07:51:28.404639 4b74       Options.prefix_extractor: nullptr
2024/12/15-07:51:28.404644 4b74   Options.memtable_insert_with_hint_prefix_extractor: nullptr
2024/12/15-07:51:28.404650 4b74             Options.num_levels: 7
2024/12/15-07:51:28.404655 4b74        Options.min_write_buffer_number_to_merge: 1
2024/12/15-07:51:28.404661 4b74     Options.max_write_buffer_number_to_maintain: 0
2024/12/15-07:51:28.404666 4b74     Options.max_write_buffer_size_to_maintain: 134217728
2024/12/15-07:51:28.404671 4b74            Options.bottommost_compression_opts.window_bits: -14
2024/12/15-07:51:28.404676 4b74                  Options.bottommost_compression_opts.level: 32767
2024/12/15-07:51:28.404682 4b74               Options.bottommost_compression_opts.strategy: 0
2024/12/15-07:51:28.404687 4b74         Options.bottommost_compression_opts.max_dict_bytes: 0
2024/12/15-07:51:28.404692 4b74         Options.bottommost_compression_opts.zstd_max_train_bytes: 0
2024/12/15-07:51:28.404700 4b74         Options.bottommost_compression_opts.parallel_threads: 1
2024/12/15-07:51:28.404706 4b74                  Options.bottommost_compression_opts.enabled: false
2024/12/15-07:51:28.404711 4b74         Options.bottommost_compression_opts.max_dict_buffer_bytes: 0
2024/12/15-07:51:28.404716 4b74         Options.bottommost_compression_opts.use_zstd_dict_trainer: true
2024/12/15-07:51:28.404722 4b74            Options.compression_opts.window_bits: -14
2024/12/15-07:51:28.404727 4b74                  Options.compression_opts.level: 32767
2024/12/15-07:51:28.404732 4b74               Options.compression_opts.strategy: 0
2024/12/15-07:51:28.404737 4b74         Options.compression_opts.max_dict_bytes: 0
2024/12/15-07:51:28.404743 4b74         Options.compression_opts.zstd_max_train_bytes: 0
2024/12/15-07:51:28.404748 4b74         Options.compression_opts.use_zstd_dict_trainer: true
2024/12/15-07:51:28.404753 4b74         Options.compression_opts.parallel_threads: 1
2024/12/15-07:51:28.404758 4b74                  Options.compression_opts.enabled: false
2024/12/15-07:51:28.404763 4b74         Options.compression_opts.max_dict_buffer_bytes: 0
2024/12/15-07:51:28.404769 4b74      Options.level0_file_num_compaction_trigger: 4
2024/12/15-07:51:28.404774 4b74          Options.level0_slowdown_writes_trigger: 20
2024/12/15-07:51:28.404779 4b74              Options.level0_stop_writes_trigger: 36
2024/12/15-07:51:28.404784 4b74                   Options.target_file_size_base: 67108864
2024/12/15-07:51:28.404789 4b74             Options.target_file_size_multiplier: 1
2024/12/15-07:51:28.404794 4b74                Options.max_bytes_for_level_base: 268435456
2024/12/15-07:51:28.404799 4b74 Options.level_compaction_dynamic_level_bytes: 0
2024/12/15-07:51:28.404805 4b74          Options.max_bytes_for_level_multiplier: 10.000000
2024/12/15-07:51:28.404811 4b74 Options.max_bytes_for_level_multiplier_addtl[0]: 1
2024/12/15-07:51:28.404817 4b74 Options.max_bytes_for_level_multiplier_addtl[1]: 1
2024/12/15-07:51:28.404822 4b74 Options.max_bytes_for_level_multiplier_addtl[2]: 1
2024/12/15-07:51:28.404828 4b74 Options.max_bytes_for_level_multiplier_addtl[3]: 1
2024/12/15-07:51:28.404836 4b74 Options.max_bytes_for_level_multiplier_addtl[4]: 1
2024/12/15-07:51:28.404841 4b74 Options.max_bytes_for_level_multiplier_addtl[5]: 1
2024/12/15-07:51:28.404847 4b74 Options.max_bytes_for_level_multiplier_addtl[6]: 1
2024/12/15-07:51:28.404852 4b74       Options.max_sequential_skip_in_iterations: 8
2024/12/15-07:51:28.404857 4b74                    Options.max_compaction_bytes: 1677721600
2024/12/15-07:51:28.404862 4b74   Options.ignore_max_compaction_bytes_for_input: true
2024/12/15-07:51:28.404867 4b74                        Options.arena_block_size: 1048576
2024/12/15-07:51:28.404872 4b74   Options.soft_pending_compaction_bytes_limit: 68719476736
2024/12/15-07:51:28.404877 4b74   Options.hard_pending_compaction_bytes_limit: 274877906944
2024/12/15-07:51:28.404883 4b74                Options.disable_auto_compactions: 1
2024/12/15-07:51:28.404889 4b74                        Options.compaction_style: kCompactionStyleLevel
2024/12/15-07:51:28.404895 4b74                          Options.compaction_pri: kMinOverlappingRatio
2024/12/15-07:51:28.404900 4b74 Options.compaction_options_universal.size_ratio: 1
2024/12/15-07:51:28.404905 4b74 Options.compaction_options_universal.min_merge_width: 2
2024/12/15-07:51:28.404912 4b74 Options.compaction_options_universal.max_merge_width: 4294967295
2024/12/15-07:51:28.404919 4b74 Options.compaction_options_universal.max_size_amplification_percent: 200
2024/12/15-07:51:28.404928 4b74 Options.compaction_options_universal.compression_size_percent: -1
2024/12/15-07:51:28.404951 4b74 Options.compaction_options_universal.stop_style: kCompactionStopStyleTotalSize
2024/12/15-07:51:28.405007 4b74 Options.compaction_options_fifo.max_table_files_size: 1073741824
2024/12/15-07:51:28.405023 4b74 Options.compaction_options_fifo.allow_compaction: 0
2024/12/15-07:51:28.405069 4b74                   Options.table_properties_collectors: 
2024/12/15-07:51:28.405080 4b74                   Options.inplace_update_support: 0
2024/12/15-07:51:28.405086 4b74                 Options.inplace_update_num_locks: 10000
2024/12/15-07:51:28.405093 4b74               Options.memtable_prefix_bloom_size_ratio: 0.000000
2024/12/15-07:51:28.405099 4b74               Options.memtable_whole_key_filtering: 0
2024/12/15-07:51:28.405104 4b74   Options.memtable_huge_page_size: 0
2024/12/15-07:51:28.405109 4b74                           Options.bloom_locality: 0
2024/12/15-07:51:28.405114 4b74                    Options.max_successive_merges: 0
2024/12/15-07:51:28.405119 4b74                Options.optimize_filters_for_hits: 0
2024/12/15-07:51:28.405124 4b74                Options.paranoid_file_checks: 0
2024/12/15-07:51:28.405128 4b74                Options.force_consistency_checks: 1
2024/12/15-07:51:28.405133 4b74                Options.report_bg_io_stats: 0
2024/12/15-07:51:28.405138 4b74                               Options.ttl: 0
2024/12/15-07:51:28.405143 4b74          Options.periodic_compaction_seconds: 0
2024/12/15-07:51:28.405148 4b74  Options.preclude_last_level_data_seconds: 0
2024/12/15-07:51:28.405154 4b74    Options.preserve_internal_time_seconds: 0
2024/12/15-07:51:28.405159 4b74                       Options.enable_blob_files: false
2024/12/15-07:51:28.405164 4b74                           Options.min_blob_size: 0
2024/12/15-07:51:28.405169 4b74                          Options.blob_file_size: 268435456
2024/12/15-07:51:28.405174 4b74                   Options.blob_compression_type: NoCompression
2024/12/15-07:51:28.405180 4b74          Options.enable_blob_garbage_collection: false
2024/12/15-07:51:28.405187 4b74      Options.blob_garbage_collection_age_cutoff: 0.250000
2024/12/15-07:51:28.405192 4b74 Options.blob_garbage_collection_force_threshold: 1.000000
2024/12/15-07:51:28.405198 4b74          Options.blob_compaction_readahead_size: 0
2024/12/15-07:51:28.405203 4b74                Options.blob_file_starting_level: 0
2024/12/15-07:51:28.405209 4b74 Options.experimental_mempurge_threshold: 0.000000
2024/12/15-07:51:28.405356 4b74 [db\column_family.cc:621] --------------- Options for column family []:
2024/12/15-07:51:28.405364 4b74               Options.comparator: leveldb.BytewiseComparator
2024/12/15-07:51:28.405369 4b74           Options.merge_operator: None
2024/12/15-07:51:28.405373 4b74        Options.compaction_filter: None
2024/12/15-07:51:28.405378 4b74        Options.compaction_filter_factory: None
2024/12/15-07:51:28.405383 4b74  Options.sst_partitioner_factory: None
2024/12/15-07:51:28.405388 4b74         Options.memtable_factory: SkipListFactory
2024/12/15-07:51:28.405393 4b74            Options.table_factory: BlockBasedTable
2024/12/15-07:51:28.405417 4b74            table_factory options:   flush_block_policy_factory: FlushBlockBySizePolicyFactory (0000021EE3BE4000)
  cache_index_and_filter_blocks: 0
  cache_index_and_filter_blocks_with_high_priority: 1
  pin_l0_filter_and_index_blocks_in_cache: 0
  pin_top_level_index_and_filter: 1
  index_type: 0
  data_block_index_type: 0
  index_shortening: 1
  data_block_hash_table_util_ratio: 0.750000
  checksum: 1
  no_block_cache: 0
  block_cache: 0000021EE1C1F310
  block_cache_name: LRUCache
  block_cache_options:
    capacity : 134217728
    num_shard_bits : 6
    strict_capacity_limit : 0
    memory_allocator : None
    high_pri_pool_ratio: 0.000
    low_pri_pool_ratio: 0.000
  persistent_cache: 0000000000000000
  block_size: 32768
  block_size_deviation: 10
  block_restart_interval: 16
  index_block_restart_interval: 1
  metadata_block_size: 4096
  partition_filters: 0
  use_delta_encoding: 1
  filter_policy: bloomfilter
  whole_key_filtering: 1
  verify_compression: 0
  read_amp_bytes_per_bit: 0
  format_version: 5
  enable_index_compression: 1
  block_align: 0
  max_auto_readahead_size: 262144
  prepopulate_block_cache: 0
  initial_auto_readahead_size: 8192
  num_file_reads_for_auto_readahead: 2
2024/12/15-07:51:28.405423 4b74        Options.write_buffer_size: 67108864
2024/12/15-07:51:28.405429 4b74  Options.max_write_buffer_number: 2
2024/12/15-07:51:28.405435 4b74          Options.compression: LZ4
2024/12/15-07:51:28.405440 4b74                  Options.bottommost_compression: Disabled
2024/12/15-07:51:28.405445 4b74       Options.prefix_extractor: nullptr
2024/12/15-07:51:28.405450 4b74   Options.memtable_insert_with_hint_prefix_extractor: nullptr
2024/12/15-07:51:28.405455 4b74             Options.num_levels: 7
2024/12/15-07:51:28.405460 4b74        Options.min_write_buffer_number_to_merge: 1
2024/12/15-07:51:28.405465 4b74     Options.max_write_buffer_number_to_maintain: 0
2024/12/15-07:51:28.405470 4b74     Options.max_write_buffer_size_to_maintain: 134217728
2024/12/15-07:51:28.405476 4b74            Options.bottommost_compression_opts.window_bits: -14
2024/12/15-07:51:28.405481 4b74                  Options.bottommost_compression_opts.level: 32767
2024/12/15-07:51:28.405486 4b74               Options.bottommost_compression_opts.strategy: 0
2024/12/15-07:51:28.405493 4b74         Options.bottommost_compression_opts.max_dict_bytes: 0
2024/12/15-07:51:28.405498 4b74         Options.bottommost_compression_opts.zstd_max_train_bytes: 0
2024/12/15-07:51:28.405504 4b74         Options.bottommost_compression_opts.parallel_threads: 1
2024/12/15-07:51:28.405510 4b74                  Options.bottommost_compression_opts.enabled: false
2024/12/15-07:51:28.405516 4b74         Options.bottommost_compression_opts.max_dict_buffer_bytes: 0
2024/12/15-07:51:28.405521 4b74         Options.bottommost_compression_opts.use_zstd_dict_trainer: true
2024/12/15-07:51:28.405526 4b74            Options.compression_opts.window_bits: -14
2024/12/15-07:51:28.405531 4b74                  Options.compression_opts.level: 32767
2024/12/15-07:51:28.405536 4b74               Options.compression_opts.strategy: 0
2024/12/15-07:51:28.405541 4b74         Options.compression_opts.max_dict_bytes: 0
2024/12/15-07:51:28.405546 4b74         Options.compression_opts.zstd_max_train_bytes: 0
2024/12/15-07:51:28.405552 4b74         Options.compression_opts.use_zstd_dict_trainer: true
2024/12/15-07:51:28.405557 4b74         Options.compression_opts.parallel_threads: 1
2024/12/15-07:51:28.405562 4b74                  Options.compression_opts.enabled: false
2024/12/15-07:51:28.405567 4b74         Options.compression_opts.max_dict_buffer_bytes: 0
2024/12/15-07:51:28.405571 4b74      Options.level0_file_num_compaction_trigger: 4
2024/12/15-07:51:28.405577 4b74          Options.level0_slowdown_writes_trigger: 20
2024/12/15-07:51:28.405582 4b74              Options.level0_stop_writes_trigger: 36
2024/12/15-07:51:28.405586 4b74                   Options.target_file_size_base: 67108864
2024/12/15-07:51:28.405591 4b74             Options.target_file_size_multiplier: 1
2024/12/15-07:51:28.405596 4b74                Options.max_bytes_for_level_base: 268435456
2024/12/15-07:51:28.405600 4b74 Options.level_compaction_dynamic_level_bytes: 0
2024/12/15-07:51:28.405606 4b74          Options.max_bytes_for_level_multiplier: 10.000000
2024/12/15-07:51:28.405611 4b74 Options.max_bytes_for_level_multiplier_addtl[0]: 1
2024/12/15-07:51:28.405617 4b74 Options.max_bytes_for_level_multiplier_addtl[1]: 1
2024/12/15-07:51:28.405621 4b74 Options.max_bytes_for_level_multiplier_addtl[2]: 1
2024/12/15-07:51:28.405626 4b74 Options.max_bytes_for_level_multiplier_addtl[3]: 1
2024/12/15-07:51:28.405631 4b74 Options.max_bytes_for_level_multiplier_addtl[4]: 1
2024/12/15-07:51:28.405636 4b74 Options.max_bytes_for_level_multiplier_addtl[5]: 1
2024/12/15-07:51:28.405641 4b74 Options.max_bytes_for_level_multiplier_addtl[6]: 1
2024/12/15-07:51:28.405646 4b74       Options.max_sequential_skip_in_iterations: 8
2024/12/15-07:51:28.405651 4b74                    Options.max_compaction_bytes: 1677721600
2024/12/15-07:51:28.405657 4b74   Options.ignore_max_compaction_bytes_for_input: true
2024/12/15-07:51:28.405662 4b74                        Options.arena_block_size: 1048576
2024/12/15-07:51:28.405668 4b74   Options.soft_pending_compaction_bytes_limit: 68719476736
2024/12/15-07:51:28.405674 4b74   Options.hard_pending_compaction_bytes_limit: 274877906944
2024/12/15-07:51:28.405681 4b74                Options.disable_auto_compactions: 1
2024/12/15-07:51:28.405687 4b74                        Options.compaction_style: kCompactionStyleLevel
2024/12/15-07:51:28.405693 4b74                          Options.compaction_pri: kMinOverlappingRatio
2024/12/15-07:51:28.405698 4b74 Options.compaction_options_universal.size_ratio: 1
2024/12/15-07:51:28.405703 4b74 Options.compaction_options_universal.min_merge_width: 2
2024/12/15-07:51:28.405708 4b74 Options.compaction_options_universal.max_merge_width: 4294967295
2024/12/15-07:51:28.405713 4b74 Options.compaction_options_universal.max_size_amplification_percent: 200
2024/12/15-07:51:28.405718 4b74 Options.compaction_options_universal.compression_size_percent: -1
2024/12/15-07:51:28.405724 4b74 Options.compaction_options_universal.stop_style: kCompactionStopStyleTotalSize
2024/12/15-07:51:28.405730 4b74 Options.compaction_options_fifo.max_table_files_size: 1073741824
2024/12/15-07:51:28.405735 4b74 Options.compaction_options_fifo.allow_compaction: 0
2024/12/15-07:51:28.405740 4b74                   Options.table_properties_collectors: 
2024/12/15-07:51:28.405745 4b74                   Options.inplace_update_support: 0
2024/12/15-07:51:28.405750 4b74                 Options.inplace_update_num_locks: 10000
2024/12/15-07:51:28.405755 4b74               Options.memtable_prefix_bloom_size_ratio: 0.000000
2024/12/15-07:51:28.405760 4b74               Options.memtable_whole_key_filtering: 0
2024/12/15-07:51:28.405765 4b74   Options.memtable_huge_page_size: 0
2024/12/15-07:51:28.405770 4b74                           Options.bloom_locality: 0
2024/12/15-07:51:28.405775 4b74                    Options.max_successive_merges: 0
2024/12/15-07:51:28.405780 4b74                Options.optimize_filters_for_hits: 0
2024/12/15-07:51:28.405791 4b74                Options.paranoid_file_checks: 0
2024/12/15-07:51:28.405796 4b74                Options.force_consistency_checks: 1
2024/12/15-07:51:28.405801 4b74                Options.report_bg_io_stats: 0
2024/12/15-07:51:28.405806 4b74                               Options.ttl: 0
2024/12/15-07:51:28.405811 4b74          Options.periodic_compaction_seconds: 0
2024/12/15-07:51:28.405816 4b74  Options.preclude_last_level_data_seconds: 0
2024/12/15-07:51:28.405821 4b74    Options.preserve_internal_time_seconds: 0
2024/12/15-07:51:28.405826 4b74                       Options.enable_blob_files: true
2024/12/15-07:51:28.405832 4b74                           Options.min_blob_size: 100
2024/12/15-07:51:28.405837 4b74                          Options.blob_file_size: 268435456
2024/12/15-07:51:28.405842 4b74                   Options.blob_compression_type: LZ4
2024/12/15-07:51:28.405846 4b74          Options.enable_blob_garbage_collection: false
2024/12/15-07:51:28.405852 4b74      Options.blob_garbage_collection_age_cutoff: 0.250000
2024/12/15-07:51:28.405858 4b74 Options.blob_garbage_collection_force_threshold: 1.000000
2024/12/15-07:51:28.405863 4b74          Options.blob_compaction_readahead_size: 0
2024/12/15-07:51:28.405868 4b74                Options.blob_file_starting_level: 0
2024/12/15-07:51:28.405874 4b74 Options.experimental_mempurge_threshold: 0.000000
2024/12/15-07:51:28.405973 4b74 [db\column_family.cc:621] --------------- Options for column family []:
2024/12/15-07:51:28.405979 4b74               Options.comparator: leveldb.BytewiseComparator
2024/12/15-07:51:28.405984 4b74           Options.merge_operator: None
2024/12/15-07:51:28.405989 4b74        Options.compaction_filter: None
2024/12/15-07:51:28.405993 4b74        Options.compaction_filter_factory: None
2024/12/15-07:51:28.405998 4b74  Options.sst_partitioner_factory: None
2024/12/15-07:51:28.406003 4b74         Options.memtable_factory: SkipListFactory
2024/12/15-07:51:28.406008 4b74            Options.table_factory: BlockBasedTable
2024/12/15-07:51:28.406029 4b74            table_factory options:   flush_block_policy_factory: FlushBlockBySizePolicyFactory (0000021EE3BE46C0)
  cache_index_and_filter_blocks: 0
  cache_index_and_filter_blocks_with_high_priority: 1
  pin_l0_filter_and_index_blocks_in_cache: 0
  pin_top_level_index_and_filter: 1
  index_type: 0
  data_block_index_type: 0
  index_shortening: 1
  data_block_hash_table_util_ratio: 0.750000
  checksum: 1
  no_block_cache: 0
  block_cache: 0000021EE1C208A0
  block_cache_name: LRUCache
  block_cache_options:
    capacity : 134217728
    num_shard_bits : 6
    strict_capacity_limit : 0
    memory_allocator : None
    high_pri_pool_ratio: 0.000
    low_pri_pool_ratio: 0.000
  persistent_cache: 0000000000000000
  block_size: 32768
  block_size_deviation: 10
  block_restart_interval: 16
  index_block_restart_interval: 1
  metadata_block_size: 4096
  partition_filters: 0
  use_delta_encoding: 1
  filter_policy: bloomfilter
  whole_key_filtering: 1
  verify_compression: 0
  read_amp_bytes_per_bit: 0
  format_version: 5
  enable_index_compression: 1
  block_align: 0
  max_auto_readahead_size: 262144
  prepopulate_block_cache: 0
  initial_auto_readahead_size: 8192
  num_file_reads_for_auto_readahead: 2
2024/12/15-07:51:28.406037 4b74        Options.write_buffer_size: 67108864
2024/12/15-07:51:28.406043 4b74  Options.max_write_buffer_number: 2
2024/12/15-07:51:28.406048 4b74          Options.compression: LZ4
2024/12/15-07:51:28.406053 4b74                  Options.bottommost_compression: Disabled
2024/12/15-07:51:28.406058 4b74       Options.prefix_extractor: nullptr
2024/12/15-07:51:28.406062 4b74   Options.memtable_insert_with_hint_prefix_extractor: nullptr
2024/12/15-07:51:28.406067 4b74             Options.num_levels: 7
2024/12/15-07:51:28.406072 4b74        Options.min_write_buffer_number_to_merge: 1
2024/12/15-07:51:28.406078 4b74     Options.max_write_buffer_number_to_maintain: 0
2024/12/15-07:51:28.406083 4b74     Options.max_write_buffer_size_to_maintain: 134217728
2024/12/15-07:51:28.406088 4b74            Options.bottommost_compression_opts.window_bits: -14
2024/12/15-07:51:28.406093 4b74                  Options.bottommost_compression_opts.level: 32767
2024/12/15-07:51:28.406099 4b74               Options.bottommost_compression_opts.strategy: 0
2024/12/15-07:51:28.406104 4b74         Options.bottommost_compression_opts.max_dict_bytes: 0
2024/12/15-07:51:28.406109 4b74         Options.bottommost_compression_opts.zstd_max_train_bytes: 0
2024/12/15-07:51:28.406114 4b74         Options.bottommost_compression_opts.parallel_threads: 1
2024/12/15-07:51:28.406120 4b74                  Options.bottommost_compression_opts.enabled: false
2024/12/15-07:51:28.406127 4b74         Options.bottommost_compression_opts.max_dict_buffer_bytes: 0
2024/12/15-07:51:28.406133 4b74         Options.bottommost_compression_opts.use_zstd_dict_trainer: true
2024/12/15-07:51:28.406138 4b74            Options.compression_opts.window_bits: -14
2024/12/15-07:51:28.406143 4b74                  Options.compression_opts.level: 32767
2024/12/15-07:51:28.406148 4b74               Options.compression_opts.strategy: 0
2024/12/15-07:51:28.406153 4b74         Options.compression_opts.max_dict_bytes: 0
2024/12/15-07:51:28.406158 4b74         Options.compression_opts.zstd_max_train_bytes: 0
2024/12/15-07:51:28.406162 4b74         Options.compression_opts.use_zstd_dict_trainer: true
2024/12/15-07:51:28.406167 4b74         Options.compression_opts.parallel_threads: 1
2024/12/15-07:51:28.406171 4b74                  Options.compression_opts.enabled: false
2024/12/15-07:51:28.406176 4b74         Options.compression_opts.max_dict_buffer_bytes: 0
2024/12/15-07:51:28.406181 4b74      Options.level0_file_num_compaction_trigger: 4
2024/12/15-07:51:28.406186 4b74          Options.level0_slowdown_writes_trigger: 20
2024/12/15-07:51:28.406192 4b74              Options.level0_stop_writes_trigger: 36
2024/12/15-07:51:28.406197 4b74                   Options.target_file_size_base: 67108864
2024/12/15-07:51:28.406202 4b74             Options.target_file_size_multiplier: 1
2024/12/15-07:51:28.406206 4b74                Options.max_bytes_for_level_base: 268435456
2024/12/15-07:51:28.406238 4b74 Options.level_compaction_dynamic_level_bytes: 0
2024/12/15-07:51:28.406245 4b74          Options.max_bytes_for_level_multiplier: 10.000000
2024/12/15-07:51:28.406250 4b74 Options.max_bytes_for_level_multiplier_addtl[0]: 1
2024/12/15-07:51:28.406255 4b74 Options.max_bytes_for_level_multiplier_addtl[1]: 1
2024/12/15-07:51:28.406260 4b74 Options.max_bytes_for_level_multiplier_addtl[2]: 1
2024/12/15-07:51:28.406265 4b74 Options.max_bytes_for_level_multiplier_addtl[3]: 1
2024/12/15-07:51:28.406270 4b74 Options.max_bytes_for_level_multiplier_addtl[4]: 1
2024/12/15-07:51:28.406275 4b74 Options.max_bytes_for_level_multiplier_addtl[5]: 1
2024/12/15-07:51:28.406280 4b74 Options.max_bytes_for_level_multiplier_addtl[6]: 1
2024/12/15-07:51:28.406285 4b74       Options.max_sequential_skip_in_iterations: 8
2024/12/15-07:51:28.406290 4b74                    Options.max_compaction_bytes: 1677721600
2024/12/15-07:51:28.406295 4b74   Options.ignore_max_compaction_bytes_for_input: true
2024/12/15-07:51:28.406300 4b74                        Options.arena_block_size: 1048576
2024/12/15-07:51:28.406305 4b74   Options.soft_pending_compaction_bytes_limit: 68719476736
2024/12/15-07:51:28.406310 4b74   Options.hard_pending_compaction_bytes_limit: 274877906944
2024/12/15-07:51:28.406315 4b74                Options.disable_auto_compactions: 1
2024/12/15-07:51:28.406321 4b74                        Options.compaction_style: kCompactionStyleLevel
2024/12/15-07:51:28.406326 4b74                          Options.compaction_pri: kMinOverlappingRatio
2024/12/15-07:51:28.406330 4b74 Options.compaction_options_universal.size_ratio: 1
2024/12/15-07:51:28.406335 4b74 Options.compaction_options_universal.min_merge_width: 2
2024/12/15-07:51:28.406339 4b74 Options.compaction_options_universal.max_merge_width: 4294967295
2024/12/15-07:51:28.406345 4b74 Options.compaction_options_universal.max_size_amplification_percent: 200
2024/12/15-07:51:28.406351 4b74 Options.compaction_options_universal.compression_size_percent: -1
2024/12/15-07:51:28.406355 4b74 Options.compaction_options_universal.stop_style: kCompactionStopStyleTotalSize
2024/12/15-07:51:28.406360 4b74 Options.compaction_options_fifo.max_table_files_size: 1073741824
2024/12/15-07:51:28.406365 4b74 Options.compaction_options_fifo.allow_compaction: 0
2024/12/15-07:51:28.406370 4b74                   Options.table_properties_collectors: 
2024/12/15-07:51:28.406376 4b74                   Options.inplace_update_support: 0
2024/12/15-07:51:28.406381 4b74                 Options.inplace_update_num_locks: 10000
2024/12/15-07:51:28.406386 4b74               Options.memtable_prefix_bloom_size_ratio: 0.000000
2024/12/15-07:51:28.406392 4b74               Options.memtable_whole_key_filtering: 0
2024/12/15-07:51:28.406396 4b74   Options.memtable_huge_page_size: 0
2024/12/15-07:51:28.406401 4b74                           Options.bloom_locality: 0
2024/12/15-07:51:28.406406 4b74                    Options.max_successive_merges: 0
2024/12/15-07:51:28.406411 4b74                Options.optimize_filters_for_hits: 0
2024/12/15-07:51:28.406416 4b74                Options.paranoid_file_checks: 0
2024/12/15-07:51:28.406420 4b74                Options.force_consistency_checks: 1
2024/12/15-07:51:28.406425 4b74                Options.report_bg_io_stats: 0
2024/12/15-07:51:28.406430 4b74                               Options.ttl: 0
2024/12/15-07:51:28.406435 4b74          Options.periodic_compaction_seconds: 0
2024/12/15-07:51:28.406440 4b74  Options.preclude_last_level_data_seconds: 0
2024/12/15-07:51:28.406449 4b74    Options.preserve_internal_time_seconds: 0
2024/12/15-07:51:28.406454 4b74                       Options.enable_blob_files: false
2024/12/15-07:51:28.406460 4b74                           Options.min_blob_size: 0
2024/12/15-07:51:28.406466 4b74                          Options.blob_file_size: 268435456
2024/12/15-07:51:28.406475 4b74                   Options.blob_compression_type: NoCompression
2024/12/15-07:51:28.406553 4b74          Options.enable_blob_garbage_collection: false
2024/12/15-07:51:28.406571 4b74      Options.blob_garbage_collection_age_cutoff: 0.250000
2024/12/15-07:51:28.406581 4b74 Options.blob_garbage_collection_force_threshold: 1.000000
2024/12/15-07:51:28.406587 4b74          Options.blob_compaction_readahead_size: 0
2024/12/15-07:51:28.406594 4b74                Options.blob_file_starting_level: 0
2024/12/15-07:51:28.406600 4b74 Options.experimental_mempurge_threshold: 0.000000
2024/12/15-07:51:28.406675 4b74 [db\column_family.cc:621] --------------- Options for column family []:
2024/12/15-07:51:28.406683 4b74               Options.comparator: leveldb.BytewiseComparator
2024/12/15-07:51:28.406689 4b74           Options.merge_operator: None
2024/12/15-07:51:28.406695 4b74        Options.compaction_filter: None
2024/12/15-07:51:28.406700 4b74        Options.compaction_filter_factory: None
2024/12/15-07:51:28.406706 4b74  Options.sst_partitioner_factory: None
2024/12/15-07:51:28.406711 4b74         Options.memtable_factory: SkipListFactory
2024/12/15-07:51:28.406718 4b74            Options.table_factory: BlockBasedTable
2024/12/15-07:51:28.406751 4b74            table_factory options:   flush_block_policy_factory: FlushBlockBySizePolicyFactory (0000021EE3BE4B70)
  cache_index_and_filter_blocks: 0
  cache_index_and_filter_blocks_with_high_priority: 1
  pin_l0_filter_and_index_blocks_in_cache: 0
  pin_top_level_index_and_filter: 1
  index_type: 0
  data_block_index_type: 0
  index_shortening: 1
  data_block_hash_table_util_ratio: 0.750000
  checksum: 1
  no_block_cache: 0
  block_cache: 0000021EE1C21200
  block_cache_name: LRUCache
  block_cache_options:
    capacity : 134217728
    num_shard_bits : 6
    strict_capacity_limit : 0
    memory_allocator : None
    high_pri_pool_ratio: 0.000
    low_pri_pool_ratio: 0.000
  persistent_cache: 0000000000000000
  block_size: 32768
  block_size_deviation: 10
  block_restart_interval: 16
  index_block_restart_interval: 1
  metadata_block_size: 4096
  partition_filters: 0
  use_delta_encoding: 1
  filter_policy: bloomfilter
  whole_key_filtering: 1
  verify_compression: 0
  read_amp_bytes_per_bit: 0
  format_version: 5
  enable_index_compression: 1
  block_align: 0
  max_auto_readahead_size: 262144
  prepopulate_block_cache: 0
  initial_auto_readahead_size: 8192
  num_file_reads_for_auto_readahead: 2
2024/12/15-07:51:28.406758 4b74        Options.write_buffer_size: 67108864
2024/12/15-07:51:28.406764 4b74  Options.max_write_buffer_number: 2
2024/12/15-07:51:28.406770 4b74          Options.compression: LZ4
2024/12/15-07:51:28.406775 4b74                  Options.bottommost_compression: Disabled
2024/12/15-07:51:28.406781 4b74       Options.prefix_extractor: nullptr
2024/12/15-07:51:28.406786 4b74   Options.memtable_insert_with_hint_prefix_extractor: nullptr
2024/12/15-07:51:28.406792 4b74             Options.num_levels: 7
2024/12/15-07:51:28.406798 4b74        Options.min_write_buffer_number_to_merge: 1
2024/12/15-07:51:28.406803 4b74     Options.max_write_buffer_number_to_maintain: 0
