2024/12/15-08:36:41.566424 5dc8 RocksDB version: 8.3.2
2024/12/15-08:36:41.566511 5dc8 Git sha 3f7c92b9753b697ce6a5ea737086d2751f17956c
2024/12/15-08:36:41.566531 5dc8 Compile date 2023-06-28 10:58:06
2024/12/15-08:36:41.566544 5dc8 DB SUMMARY
2024/12/15-08:36:41.566556 5dc8 DB Session ID:  SORG9VJ7ISJF328BS98D
2024/12/15-08:36:41.569414 5dc8 CURRENT file:  CURRENT
2024/12/15-08:36:41.569422 5dc8 IDENTITY file:  IDENTITY
2024/12/15-08:36:41.569454 5dc8 MANIFEST file:  MANIFEST-000908 size: 3090 Bytes
2024/12/15-08:36:41.569459 5dc8 SST files in D:\workspace\blockchain_final\doan2\IBFT\Node-1\data\database dir, Total Num: 7, files: 000844.sst 000855.sst 000869.sst 000872.sst 000903.sst 000906.sst 000916.sst 
2024/12/15-08:36:41.569467 5dc8 Write Ahead Log file in D:\workspace\blockchain_final\doan2\IBFT\Node-1\data\database: 000004.log size: 70412 ; 000062.log size: 238763 ; 000096.log size: 139520 ; 000129.log size: 790606 ; 000163.log size: 1707659 ; 000198.log size: 360 ; 000230.log size: 360 ; 000262.log size: 360 ; 000294.log size: 27202 ; 000329.log size: 340 ; 000361.log size: 340 ; 000393.log size: 7646 ; 000426.log size: 308095 ; 000461.log size: 13771 ; 000494.log size: 26268 ; 000528.log size: 22642 ; 000563.log size: 35859 ; 000599.log size: 9988 ; 000632.log size: 352762 ; 000666.log size: 1770070 ; 000700.log size: 391091 ; 000737.log size: 229937 ; 000770.log size: 245021 ; 000804.log size: 24760 ; 000837.log size: 245618 ; 000873.log size: 30878 ; 000907.log size: 2762 ; 
2024/12/15-08:36:41.569474 5dc8                         Options.error_if_exists: 0
2024/12/15-08:36:41.569477 5dc8                       Options.create_if_missing: 1
2024/12/15-08:36:41.569480 5dc8                         Options.paranoid_checks: 1
2024/12/15-08:36:41.569483 5dc8             Options.flush_verify_memtable_count: 1
2024/12/15-08:36:41.569486 5dc8                               Options.track_and_verify_wals_in_manifest: 0
2024/12/15-08:36:41.569489 5dc8        Options.verify_sst_unique_id_in_manifest: 1
2024/12/15-08:36:41.569492 5dc8                                     Options.env: 0000024A2A066E00
2024/12/15-08:36:41.569496 5dc8                                      Options.fs: WinFS
2024/12/15-08:36:41.569499 5dc8                                Options.info_log: 0000024A2C2652B0
2024/12/15-08:36:41.569502 5dc8                Options.max_file_opening_threads: 16
2024/12/15-08:36:41.569505 5dc8                              Options.statistics: 0000024A2988B750
2024/12/15-08:36:41.569508 5dc8                               Options.use_fsync: 0
2024/12/15-08:36:41.569510 5dc8                       Options.max_log_file_size: 0
2024/12/15-08:36:41.569513 5dc8                  Options.max_manifest_file_size: 1073741824
2024/12/15-08:36:41.569516 5dc8                   Options.log_file_time_to_roll: 86400
2024/12/15-08:36:41.569519 5dc8                       Options.keep_log_file_num: 7
2024/12/15-08:36:41.569522 5dc8                    Options.recycle_log_file_num: 0
2024/12/15-08:36:41.569525 5dc8                         Options.allow_fallocate: 1
2024/12/15-08:36:41.569528 5dc8                        Options.allow_mmap_reads: 0
2024/12/15-08:36:41.569532 5dc8                       Options.allow_mmap_writes: 0
2024/12/15-08:36:41.569535 5dc8                        Options.use_direct_reads: 0
2024/12/15-08:36:41.569538 5dc8                        Options.use_direct_io_for_flush_and_compaction: 0
2024/12/15-08:36:41.569668 5dc8          Options.create_missing_column_families: 1
2024/12/15-08:36:41.569674 5dc8                              Options.db_log_dir: 
2024/12/15-08:36:41.569678 5dc8                                 Options.wal_dir: 
2024/12/15-08:36:41.569683 5dc8                Options.table_cache_numshardbits: 6
2024/12/15-08:36:41.569686 5dc8                         Options.WAL_ttl_seconds: 0
2024/12/15-08:36:41.569690 5dc8                       Options.WAL_size_limit_MB: 0
2024/12/15-08:36:41.569695 5dc8                        Options.max_write_batch_group_size_bytes: 1048576
2024/12/15-08:36:41.569698 5dc8             Options.manifest_preallocation_size: 4194304
2024/12/15-08:36:41.569725 5dc8                     Options.is_fd_close_on_exec: 1
2024/12/15-08:36:41.569729 5dc8                   Options.advise_random_on_open: 1
2024/12/15-08:36:41.569732 5dc8                    Options.db_write_buffer_size: 0
2024/12/15-08:36:41.569735 5dc8                    Options.write_buffer_manager: 0000024A2A065D20
2024/12/15-08:36:41.569738 5dc8         Options.access_hint_on_compaction_start: 1
2024/12/15-08:36:41.569741 5dc8           Options.random_access_max_buffer_size: 1048576
2024/12/15-08:36:41.569744 5dc8                      Options.use_adaptive_mutex: 0
2024/12/15-08:36:41.569747 5dc8                            Options.rate_limiter: 0000000000000000
2024/12/15-08:36:41.569751 5dc8     Options.sst_file_manager.rate_bytes_per_sec: 0
2024/12/15-08:36:41.569754 5dc8                       Options.wal_recovery_mode: 2
2024/12/15-08:36:41.569757 5dc8                  Options.enable_thread_tracking: 0
2024/12/15-08:36:41.569759 5dc8                  Options.enable_pipelined_write: 0
2024/12/15-08:36:41.569762 5dc8                  Options.unordered_write: 0
2024/12/15-08:36:41.569765 5dc8         Options.allow_concurrent_memtable_write: 1
2024/12/15-08:36:41.569768 5dc8      Options.enable_write_thread_adaptive_yield: 1
2024/12/15-08:36:41.569771 5dc8             Options.write_thread_max_yield_usec: 100
2024/12/15-08:36:41.569774 5dc8            Options.write_thread_slow_yield_usec: 3
2024/12/15-08:36:41.569776 5dc8                               Options.row_cache: None
2024/12/15-08:36:41.569779 5dc8                              Options.wal_filter: None
2024/12/15-08:36:41.569782 5dc8             Options.avoid_flush_during_recovery: 0
2024/12/15-08:36:41.569785 5dc8             Options.allow_ingest_behind: 0
2024/12/15-08:36:41.569787 5dc8             Options.two_write_queues: 0
2024/12/15-08:36:41.569791 5dc8             Options.manual_wal_flush: 0
2024/12/15-08:36:41.569793 5dc8             Options.wal_compression: 0
2024/12/15-08:36:41.569796 5dc8             Options.atomic_flush: 0
2024/12/15-08:36:41.569799 5dc8             Options.avoid_unnecessary_blocking_io: 0
2024/12/15-08:36:41.569802 5dc8                 Options.persist_stats_to_disk: 0
2024/12/15-08:36:41.569805 5dc8                 Options.write_dbid_to_manifest: 0
2024/12/15-08:36:41.569808 5dc8                 Options.log_readahead_size: 0
2024/12/15-08:36:41.569811 5dc8                 Options.file_checksum_gen_factory: Unknown
2024/12/15-08:36:41.569815 5dc8                 Options.best_efforts_recovery: 0
2024/12/15-08:36:41.569818 5dc8                Options.max_bgerror_resume_count: 2147483647
2024/12/15-08:36:41.569822 5dc8            Options.bgerror_resume_retry_interval: 1000000
2024/12/15-08:36:41.569826 5dc8             Options.allow_data_in_errors: 0
2024/12/15-08:36:41.569829 5dc8             Options.db_host_id: __hostname__
2024/12/15-08:36:41.569832 5dc8             Options.enforce_single_del_contracts: true
2024/12/15-08:36:41.569835 5dc8             Options.max_background_jobs: 2
2024/12/15-08:36:41.569838 5dc8             Options.max_background_compactions: -1
2024/12/15-08:36:41.569840 5dc8             Options.max_subcompactions: 1
2024/12/15-08:36:41.569843 5dc8             Options.avoid_flush_during_shutdown: 0
2024/12/15-08:36:41.569846 5dc8           Options.writable_file_max_buffer_size: 1048576
2024/12/15-08:36:41.569849 5dc8             Options.delayed_write_rate : 16777216
2024/12/15-08:36:41.569866 5dc8             Options.max_total_wal_size: 1073741824
2024/12/15-08:36:41.569869 5dc8             Options.delete_obsolete_files_period_micros: 21600000000
2024/12/15-08:36:41.569872 5dc8                   Options.stats_dump_period_sec: 600
2024/12/15-08:36:41.569875 5dc8                 Options.stats_persist_period_sec: 600
2024/12/15-08:36:41.569878 5dc8                 Options.stats_history_buffer_size: 1048576
2024/12/15-08:36:41.569881 5dc8                          Options.max_open_files: 1024
2024/12/15-08:36:41.569883 5dc8                          Options.bytes_per_sync: 0
2024/12/15-08:36:41.569900 5dc8                      Options.wal_bytes_per_sync: 0
2024/12/15-08:36:41.569904 5dc8                   Options.strict_bytes_per_sync: 0
2024/12/15-08:36:41.569907 5dc8       Options.compaction_readahead_size: 0
2024/12/15-08:36:41.569910 5dc8                  Options.max_background_flushes: -1
2024/12/15-08:36:41.569918 5dc8 Compression algorithms supported:
2024/12/15-08:36:41.569923 5dc8 	kZSTD supported: 1
2024/12/15-08:36:41.569926 5dc8 	kSnappyCompression supported: 1
2024/12/15-08:36:41.569929 5dc8 	kBZip2Compression supported: 0
2024/12/15-08:36:41.569932 5dc8 	kZlibCompression supported: 1
2024/12/15-08:36:41.569935 5dc8 	kLZ4Compression supported: 1
2024/12/15-08:36:41.569939 5dc8 	kXpressCompression supported: 0
2024/12/15-08:36:41.569941 5dc8 	kLZ4HCCompression supported: 1
2024/12/15-08:36:41.569944 5dc8 	kZSTDNotFinalCompression supported: 1
2024/12/15-08:36:41.569947 5dc8 Fast CRC32 supported: Not supported on x86
2024/12/15-08:36:41.569950 5dc8 DMutex implementation: std::mutex
2024/12/15-08:36:41.570567 5dc8 [db\version_set.cc:5834] Recovering from manifest file: D:\workspace\blockchain_final\doan2\IBFT\Node-1\data\database/MANIFEST-000908
2024/12/15-08:36:41.570813 5dc8 [db\column_family.cc:621] --------------- Options for column family [default]:
2024/12/15-08:36:41.570825 5dc8               Options.comparator: leveldb.BytewiseComparator
2024/12/15-08:36:41.570828 5dc8           Options.merge_operator: None
2024/12/15-08:36:41.570831 5dc8        Options.compaction_filter: None
2024/12/15-08:36:41.570834 5dc8        Options.compaction_filter_factory: None
2024/12/15-08:36:41.570836 5dc8  Options.sst_partitioner_factory: None
2024/12/15-08:36:41.570839 5dc8         Options.memtable_factory: SkipListFactory
2024/12/15-08:36:41.570842 5dc8            Options.table_factory: BlockBasedTable
2024/12/15-08:36:41.570872 5dc8            table_factory options:   flush_block_policy_factory: FlushBlockBySizePolicyFactory (0000024A29CEE480)
  cache_index_and_filter_blocks: 0
  cache_index_and_filter_blocks_with_high_priority: 1
  pin_l0_filter_and_index_blocks_in_cache: 0
  pin_top_level_index_and_filter: 1
  index_type: 0
  data_block_index_type: 0
  index_shortening: 1
  data_block_hash_table_util_ratio: 0.750000
  checksum: 1
  no_block_cache: 0
  block_cache: 0000024A2A0670E0
  block_cache_name: LRUCache
  block_cache_options:
    capacity : 134217728
    num_shard_bits : 6
    strict_capacity_limit : 0
    memory_allocator : None
    high_pri_pool_ratio: 0.000
    low_pri_pool_ratio: 0.000
  persistent_cache: 0000000000000000
  block_size: 32768
  block_size_deviation: 10
  block_restart_interval: 16
  index_block_restart_interval: 1
  metadata_block_size: 4096
  partition_filters: 0
  use_delta_encoding: 1
  filter_policy: bloomfilter
  whole_key_filtering: 1
  verify_compression: 0
  read_amp_bytes_per_bit: 0
  format_version: 5
  enable_index_compression: 1
  block_align: 0
  max_auto_readahead_size: 262144
  prepopulate_block_cache: 0
  initial_auto_readahead_size: 8192
  num_file_reads_for_auto_readahead: 2
2024/12/15-08:36:41.570876 5dc8        Options.write_buffer_size: 67108864
2024/12/15-08:36:41.570879 5dc8  Options.max_write_buffer_number: 2
2024/12/15-08:36:41.570882 5dc8          Options.compression: LZ4
2024/12/15-08:36:41.570885 5dc8                  Options.bottommost_compression: Disabled
2024/12/15-08:36:41.570887 5dc8       Options.prefix_extractor: nullptr
2024/12/15-08:36:41.570890 5dc8   Options.memtable_insert_with_hint_prefix_extractor: nullptr
2024/12/15-08:36:41.570893 5dc8             Options.num_levels: 7
2024/12/15-08:36:41.570895 5dc8        Options.min_write_buffer_number_to_merge: 1
2024/12/15-08:36:41.570898 5dc8     Options.max_write_buffer_number_to_maintain: 0
2024/12/15-08:36:41.570901 5dc8     Options.max_write_buffer_size_to_maintain: 134217728
2024/12/15-08:36:41.570904 5dc8            Options.bottommost_compression_opts.window_bits: -14
2024/12/15-08:36:41.570907 5dc8                  Options.bottommost_compression_opts.level: 32767
2024/12/15-08:36:41.570912 5dc8               Options.bottommost_compression_opts.strategy: 0
2024/12/15-08:36:41.570917 5dc8         Options.bottommost_compression_opts.max_dict_bytes: 0
2024/12/15-08:36:41.570920 5dc8         Options.bottommost_compression_opts.zstd_max_train_bytes: 0
2024/12/15-08:36:41.570924 5dc8         Options.bottommost_compression_opts.parallel_threads: 1
2024/12/15-08:36:41.570927 5dc8                  Options.bottommost_compression_opts.enabled: false
2024/12/15-08:36:41.570930 5dc8         Options.bottommost_compression_opts.max_dict_buffer_bytes: 0
2024/12/15-08:36:41.570933 5dc8         Options.bottommost_compression_opts.use_zstd_dict_trainer: true
2024/12/15-08:36:41.570936 5dc8            Options.compression_opts.window_bits: -14
2024/12/15-08:36:41.570939 5dc8                  Options.compression_opts.level: 32767
2024/12/15-08:36:41.570942 5dc8               Options.compression_opts.strategy: 0
2024/12/15-08:36:41.570946 5dc8         Options.compression_opts.max_dict_bytes: 0
2024/12/15-08:36:41.570948 5dc8         Options.compression_opts.zstd_max_train_bytes: 0
2024/12/15-08:36:41.570952 5dc8         Options.compression_opts.use_zstd_dict_trainer: true
2024/12/15-08:36:41.570955 5dc8         Options.compression_opts.parallel_threads: 1
2024/12/15-08:36:41.570958 5dc8                  Options.compression_opts.enabled: false
2024/12/15-08:36:41.570961 5dc8         Options.compression_opts.max_dict_buffer_bytes: 0
2024/12/15-08:36:41.570964 5dc8      Options.level0_file_num_compaction_trigger: 4
2024/12/15-08:36:41.570967 5dc8          Options.level0_slowdown_writes_trigger: 20
2024/12/15-08:36:41.570970 5dc8              Options.level0_stop_writes_trigger: 36
2024/12/15-08:36:41.570974 5dc8                   Options.target_file_size_base: 67108864
2024/12/15-08:36:41.570977 5dc8             Options.target_file_size_multiplier: 1
2024/12/15-08:36:41.570979 5dc8                Options.max_bytes_for_level_base: 268435456
2024/12/15-08:36:41.570982 5dc8 Options.level_compaction_dynamic_level_bytes: 0
2024/12/15-08:36:41.570987 5dc8          Options.max_bytes_for_level_multiplier: 10.000000
2024/12/15-08:36:41.570992 5dc8 Options.max_bytes_for_level_multiplier_addtl[0]: 1
2024/12/15-08:36:41.570995 5dc8 Options.max_bytes_for_level_multiplier_addtl[1]: 1
2024/12/15-08:36:41.570998 5dc8 Options.max_bytes_for_level_multiplier_addtl[2]: 1
2024/12/15-08:36:41.571000 5dc8 Options.max_bytes_for_level_multiplier_addtl[3]: 1
2024/12/15-08:36:41.571003 5dc8 Options.max_bytes_for_level_multiplier_addtl[4]: 1
2024/12/15-08:36:41.571006 5dc8 Options.max_bytes_for_level_multiplier_addtl[5]: 1
2024/12/15-08:36:41.571009 5dc8 Options.max_bytes_for_level_multiplier_addtl[6]: 1
2024/12/15-08:36:41.571012 5dc8       Options.max_sequential_skip_in_iterations: 8
2024/12/15-08:36:41.571014 5dc8                    Options.max_compaction_bytes: 1677721600
2024/12/15-08:36:41.571018 5dc8   Options.ignore_max_compaction_bytes_for_input: true
2024/12/15-08:36:41.571020 5dc8                        Options.arena_block_size: 1048576
2024/12/15-08:36:41.571023 5dc8   Options.soft_pending_compaction_bytes_limit: 68719476736
2024/12/15-08:36:41.571026 5dc8   Options.hard_pending_compaction_bytes_limit: 274877906944
2024/12/15-08:36:41.571029 5dc8                Options.disable_auto_compactions: 1
2024/12/15-08:36:41.571032 5dc8                        Options.compaction_style: kCompactionStyleLevel
2024/12/15-08:36:41.571035 5dc8                          Options.compaction_pri: kMinOverlappingRatio
2024/12/15-08:36:41.571038 5dc8 Options.compaction_options_universal.size_ratio: 1
2024/12/15-08:36:41.571041 5dc8 Options.compaction_options_universal.min_merge_width: 2
2024/12/15-08:36:41.571044 5dc8 Options.compaction_options_universal.max_merge_width: 4294967295
2024/12/15-08:36:41.571047 5dc8 Options.compaction_options_universal.max_size_amplification_percent: 200
2024/12/15-08:36:41.571049 5dc8 Options.compaction_options_universal.compression_size_percent: -1
2024/12/15-08:36:41.571053 5dc8 Options.compaction_options_universal.stop_style: kCompactionStopStyleTotalSize
2024/12/15-08:36:41.571076 5dc8 Options.compaction_options_fifo.max_table_files_size: 1073741824
2024/12/15-08:36:41.571079 5dc8 Options.compaction_options_fifo.allow_compaction: 0
2024/12/15-08:36:41.571084 5dc8                   Options.table_properties_collectors: 
2024/12/15-08:36:41.571089 5dc8                   Options.inplace_update_support: 0
2024/12/15-08:36:41.571092 5dc8                 Options.inplace_update_num_locks: 10000
2024/12/15-08:36:41.571096 5dc8               Options.memtable_prefix_bloom_size_ratio: 0.000000
2024/12/15-08:36:41.571099 5dc8               Options.memtable_whole_key_filtering: 0
2024/12/15-08:36:41.571102 5dc8   Options.memtable_huge_page_size: 0
2024/12/15-08:36:41.571105 5dc8                           Options.bloom_locality: 0
2024/12/15-08:36:41.571108 5dc8                    Options.max_successive_merges: 0
2024/12/15-08:36:41.571110 5dc8                Options.optimize_filters_for_hits: 0
2024/12/15-08:36:41.571113 5dc8                Options.paranoid_file_checks: 0
2024/12/15-08:36:41.571116 5dc8                Options.force_consistency_checks: 1
2024/12/15-08:36:41.571119 5dc8                Options.report_bg_io_stats: 0
2024/12/15-08:36:41.571122 5dc8                               Options.ttl: 0
2024/12/15-08:36:41.571125 5dc8          Options.periodic_compaction_seconds: 0
2024/12/15-08:36:41.571127 5dc8  Options.preclude_last_level_data_seconds: 0
2024/12/15-08:36:41.571130 5dc8    Options.preserve_internal_time_seconds: 0
2024/12/15-08:36:41.571133 5dc8                       Options.enable_blob_files: false
2024/12/15-08:36:41.571136 5dc8                           Options.min_blob_size: 0
2024/12/15-08:36:41.571138 5dc8                          Options.blob_file_size: 268435456
2024/12/15-08:36:41.571141 5dc8                   Options.blob_compression_type: NoCompression
2024/12/15-08:36:41.571144 5dc8          Options.enable_blob_garbage_collection: false
2024/12/15-08:36:41.571148 5dc8      Options.blob_garbage_collection_age_cutoff: 0.250000
2024/12/15-08:36:41.571151 5dc8 Options.blob_garbage_collection_force_threshold: 1.000000
2024/12/15-08:36:41.571154 5dc8          Options.blob_compaction_readahead_size: 0
2024/12/15-08:36:41.571157 5dc8                Options.blob_file_starting_level: 0
2024/12/15-08:36:41.571160 5dc8 Options.experimental_mempurge_threshold: 0.000000
2024/12/15-08:36:41.571281 5dc8 [db\column_family.cc:621] --------------- Options for column family []:
2024/12/15-08:36:41.571286 5dc8               Options.comparator: leveldb.BytewiseComparator
2024/12/15-08:36:41.571289 5dc8           Options.merge_operator: None
2024/12/15-08:36:41.571291 5dc8        Options.compaction_filter: None
2024/12/15-08:36:41.571294 5dc8        Options.compaction_filter_factory: None
2024/12/15-08:36:41.571297 5dc8  Options.sst_partitioner_factory: None
2024/12/15-08:36:41.571300 5dc8         Options.memtable_factory: SkipListFactory
2024/12/15-08:36:41.571303 5dc8            Options.table_factory: BlockBasedTable
2024/12/15-08:36:41.571326 5dc8            table_factory options:   flush_block_policy_factory: FlushBlockBySizePolicyFactory (0000024A29CEE630)
  cache_index_and_filter_blocks: 0
  cache_index_and_filter_blocks_with_high_priority: 1
  pin_l0_filter_and_index_blocks_in_cache: 0
  pin_top_level_index_and_filter: 1
  index_type: 0
  data_block_index_type: 0
  index_shortening: 1
  data_block_hash_table_util_ratio: 0.750000
  checksum: 1
  no_block_cache: 0
  block_cache: 0000024A2A0683A0
  block_cache_name: LRUCache
  block_cache_options:
    capacity : 134217728
    num_shard_bits : 6
    strict_capacity_limit : 0
    memory_allocator : None
    high_pri_pool_ratio: 0.000
    low_pri_pool_ratio: 0.000
  persistent_cache: 0000000000000000
  block_size: 32768
  block_size_deviation: 10
  block_restart_interval: 16
  index_block_restart_interval: 1
  metadata_block_size: 4096
  partition_filters: 0
  use_delta_encoding: 1
  filter_policy: bloomfilter
  whole_key_filtering: 1
  verify_compression: 0
  read_amp_bytes_per_bit: 0
  format_version: 5
  enable_index_compression: 1
  block_align: 0
  max_auto_readahead_size: 262144
  prepopulate_block_cache: 0
  initial_auto_readahead_size: 8192
  num_file_reads_for_auto_readahead: 2
2024/12/15-08:36:41.571331 5dc8        Options.write_buffer_size: 67108864
2024/12/15-08:36:41.571334 5dc8  Options.max_write_buffer_number: 2
2024/12/15-08:36:41.571338 5dc8          Options.compression: LZ4
2024/12/15-08:36:41.571340 5dc8                  Options.bottommost_compression: Disabled
2024/12/15-08:36:41.571343 5dc8       Options.prefix_extractor: nullptr
2024/12/15-08:36:41.571346 5dc8   Options.memtable_insert_with_hint_prefix_extractor: nullptr
2024/12/15-08:36:41.571349 5dc8             Options.num_levels: 7
2024/12/15-08:36:41.571352 5dc8        Options.min_write_buffer_number_to_merge: 1
2024/12/15-08:36:41.571355 5dc8     Options.max_write_buffer_number_to_maintain: 0
2024/12/15-08:36:41.571357 5dc8     Options.max_write_buffer_size_to_maintain: 134217728
2024/12/15-08:36:41.571360 5dc8            Options.bottommost_compression_opts.window_bits: -14
2024/12/15-08:36:41.571363 5dc8                  Options.bottommost_compression_opts.level: 32767
2024/12/15-08:36:41.571366 5dc8               Options.bottommost_compression_opts.strategy: 0
2024/12/15-08:36:41.571369 5dc8         Options.bottommost_compression_opts.max_dict_bytes: 0
2024/12/15-08:36:41.571372 5dc8         Options.bottommost_compression_opts.zstd_max_train_bytes: 0
2024/12/15-08:36:41.571375 5dc8         Options.bottommost_compression_opts.parallel_threads: 1
2024/12/15-08:36:41.571378 5dc8                  Options.bottommost_compression_opts.enabled: false
2024/12/15-08:36:41.571381 5dc8         Options.bottommost_compression_opts.max_dict_buffer_bytes: 0
2024/12/15-08:36:41.571384 5dc8         Options.bottommost_compression_opts.use_zstd_dict_trainer: true
2024/12/15-08:36:41.571387 5dc8            Options.compression_opts.window_bits: -14
2024/12/15-08:36:41.571390 5dc8                  Options.compression_opts.level: 32767
2024/12/15-08:36:41.571393 5dc8               Options.compression_opts.strategy: 0
2024/12/15-08:36:41.571396 5dc8         Options.compression_opts.max_dict_bytes: 0
2024/12/15-08:36:41.571399 5dc8         Options.compression_opts.zstd_max_train_bytes: 0
2024/12/15-08:36:41.571402 5dc8         Options.compression_opts.use_zstd_dict_trainer: true
2024/12/15-08:36:41.571405 5dc8         Options.compression_opts.parallel_threads: 1
2024/12/15-08:36:41.571408 5dc8                  Options.compression_opts.enabled: false
2024/12/15-08:36:41.571411 5dc8         Options.compression_opts.max_dict_buffer_bytes: 0
2024/12/15-08:36:41.571413 5dc8      Options.level0_file_num_compaction_trigger: 4
2024/12/15-08:36:41.571416 5dc8          Options.level0_slowdown_writes_trigger: 20
2024/12/15-08:36:41.571419 5dc8              Options.level0_stop_writes_trigger: 36
2024/12/15-08:36:41.571423 5dc8                   Options.target_file_size_base: 67108864
2024/12/15-08:36:41.571426 5dc8             Options.target_file_size_multiplier: 1
2024/12/15-08:36:41.571429 5dc8                Options.max_bytes_for_level_base: 268435456
2024/12/15-08:36:41.571433 5dc8 Options.level_compaction_dynamic_level_bytes: 0
2024/12/15-08:36:41.571437 5dc8          Options.max_bytes_for_level_multiplier: 10.000000
2024/12/15-08:36:41.571441 5dc8 Options.max_bytes_for_level_multiplier_addtl[0]: 1
2024/12/15-08:36:41.571445 5dc8 Options.max_bytes_for_level_multiplier_addtl[1]: 1
2024/12/15-08:36:41.571449 5dc8 Options.max_bytes_for_level_multiplier_addtl[2]: 1
2024/12/15-08:36:41.571453 5dc8 Options.max_bytes_for_level_multiplier_addtl[3]: 1
2024/12/15-08:36:41.571457 5dc8 Options.max_bytes_for_level_multiplier_addtl[4]: 1
2024/12/15-08:36:41.571461 5dc8 Options.max_bytes_for_level_multiplier_addtl[5]: 1
2024/12/15-08:36:41.571464 5dc8 Options.max_bytes_for_level_multiplier_addtl[6]: 1
2024/12/15-08:36:41.571468 5dc8       Options.max_sequential_skip_in_iterations: 8
2024/12/15-08:36:41.571472 5dc8                    Options.max_compaction_bytes: 1677721600
2024/12/15-08:36:41.571477 5dc8   Options.ignore_max_compaction_bytes_for_input: true
2024/12/15-08:36:41.571480 5dc8                        Options.arena_block_size: 1048576
2024/12/15-08:36:41.571483 5dc8   Options.soft_pending_compaction_bytes_limit: 68719476736
2024/12/15-08:36:41.571487 5dc8   Options.hard_pending_compaction_bytes_limit: 274877906944
2024/12/15-08:36:41.571491 5dc8                Options.disable_auto_compactions: 1
2024/12/15-08:36:41.571495 5dc8                        Options.compaction_style: kCompactionStyleLevel
2024/12/15-08:36:41.571498 5dc8                          Options.compaction_pri: kMinOverlappingRatio
2024/12/15-08:36:41.571501 5dc8 Options.compaction_options_universal.size_ratio: 1
2024/12/15-08:36:41.571504 5dc8 Options.compaction_options_universal.min_merge_width: 2
2024/12/15-08:36:41.571507 5dc8 Options.compaction_options_universal.max_merge_width: 4294967295
2024/12/15-08:36:41.571510 5dc8 Options.compaction_options_universal.max_size_amplification_percent: 200
2024/12/15-08:36:41.571513 5dc8 Options.compaction_options_universal.compression_size_percent: -1
2024/12/15-08:36:41.571516 5dc8 Options.compaction_options_universal.stop_style: kCompactionStopStyleTotalSize
2024/12/15-08:36:41.571519 5dc8 Options.compaction_options_fifo.max_table_files_size: 1073741824
2024/12/15-08:36:41.571522 5dc8 Options.compaction_options_fifo.allow_compaction: 0
2024/12/15-08:36:41.571526 5dc8                   Options.table_properties_collectors: 
2024/12/15-08:36:41.571528 5dc8                   Options.inplace_update_support: 0
2024/12/15-08:36:41.571531 5dc8                 Options.inplace_update_num_locks: 10000
2024/12/15-08:36:41.571534 5dc8               Options.memtable_prefix_bloom_size_ratio: 0.000000
2024/12/15-08:36:41.571537 5dc8               Options.memtable_whole_key_filtering: 0
2024/12/15-08:36:41.571540 5dc8   Options.memtable_huge_page_size: 0
2024/12/15-08:36:41.571543 5dc8                           Options.bloom_locality: 0
2024/12/15-08:36:41.571546 5dc8                    Options.max_successive_merges: 0
2024/12/15-08:36:41.571549 5dc8                Options.optimize_filters_for_hits: 0
2024/12/15-08:36:41.571552 5dc8                Options.paranoid_file_checks: 0
2024/12/15-08:36:41.571554 5dc8                Options.force_consistency_checks: 1
2024/12/15-08:36:41.571557 5dc8                Options.report_bg_io_stats: 0
2024/12/15-08:36:41.571560 5dc8                               Options.ttl: 0
2024/12/15-08:36:41.571563 5dc8          Options.periodic_compaction_seconds: 0
2024/12/15-08:36:41.571566 5dc8  Options.preclude_last_level_data_seconds: 0
2024/12/15-08:36:41.571568 5dc8    Options.preserve_internal_time_seconds: 0
2024/12/15-08:36:41.571571 5dc8                       Options.enable_blob_files: true
2024/12/15-08:36:41.571574 5dc8                           Options.min_blob_size: 100
2024/12/15-08:36:41.571577 5dc8                          Options.blob_file_size: 268435456
2024/12/15-08:36:41.571580 5dc8                   Options.blob_compression_type: LZ4
2024/12/15-08:36:41.571583 5dc8          Options.enable_blob_garbage_collection: false
2024/12/15-08:36:41.571587 5dc8      Options.blob_garbage_collection_age_cutoff: 0.250000
2024/12/15-08:36:41.571590 5dc8 Options.blob_garbage_collection_force_threshold: 1.000000
2024/12/15-08:36:41.571593 5dc8          Options.blob_compaction_readahead_size: 0
2024/12/15-08:36:41.571596 5dc8                Options.blob_file_starting_level: 0
2024/12/15-08:36:41.571599 5dc8 Options.experimental_mempurge_threshold: 0.000000
2024/12/15-08:36:41.571682 5dc8 [db\column_family.cc:621] --------------- Options for column family []:
2024/12/15-08:36:41.571711 5dc8               Options.comparator: leveldb.BytewiseComparator
2024/12/15-08:36:41.571717 5dc8           Options.merge_operator: None
2024/12/15-08:36:41.571722 5dc8        Options.compaction_filter: None
2024/12/15-08:36:41.571727 5dc8        Options.compaction_filter_factory: None
2024/12/15-08:36:41.571731 5dc8  Options.sst_partitioner_factory: None
2024/12/15-08:36:41.571737 5dc8         Options.memtable_factory: SkipListFactory
2024/12/15-08:36:41.571743 5dc8            Options.table_factory: BlockBasedTable
2024/12/15-08:36:41.571771 5dc8            table_factory options:   flush_block_policy_factory: FlushBlockBySizePolicyFactory (0000024A29CEE5A0)
  cache_index_and_filter_blocks: 0
  cache_index_and_filter_blocks_with_high_priority: 1
  pin_l0_filter_and_index_blocks_in_cache: 0
  pin_top_level_index_and_filter: 1
  index_type: 0
  data_block_index_type: 0
  index_shortening: 1
  data_block_hash_table_util_ratio: 0.750000
  checksum: 1
  no_block_cache: 0
  block_cache: 0000024A2A0674A0
  block_cache_name: LRUCache
  block_cache_options:
    capacity : 134217728
    num_shard_bits : 6
    strict_capacity_limit : 0
    memory_allocator : None
    high_pri_pool_ratio: 0.000
    low_pri_pool_ratio: 0.000
  persistent_cache: 0000000000000000
  block_size: 32768
  block_size_deviation: 10
  block_restart_interval: 16
  index_block_restart_interval: 1
  metadata_block_size: 4096
  partition_filters: 0
  use_delta_encoding: 1
  filter_policy: bloomfilter
  whole_key_filtering: 1
  verify_compression: 0
  read_amp_bytes_per_bit: 0
  format_version: 5
  enable_index_compression: 1
  block_align: 0
  max_auto_readahead_size: 262144
  prepopulate_block_cache: 0
  initial_auto_readahead_size: 8192
  num_file_reads_for_auto_readahead: 2
2024/12/15-08:36:41.571777 5dc8        Options.write_buffer_size: 67108864
2024/12/15-08:36:41.571781 5dc8  Options.max_write_buffer_number: 2
2024/12/15-08:36:41.571785 5dc8          Options.compression: LZ4
2024/12/15-08:36:41.571790 5dc8                  Options.bottommost_compression: Disabled
2024/12/15-08:36:41.571794 5dc8       Options.prefix_extractor: nullptr
2024/12/15-08:36:41.571799 5dc8   Options.memtable_insert_with_hint_prefix_extractor: nullptr
2024/12/15-08:36:41.571804 5dc8             Options.num_levels: 7
2024/12/15-08:36:41.571808 5dc8        Options.min_write_buffer_number_to_merge: 1
2024/12/15-08:36:41.571813 5dc8     Options.max_write_buffer_number_to_maintain: 0
2024/12/15-08:36:41.571817 5dc8     Options.max_write_buffer_size_to_maintain: 134217728
2024/12/15-08:36:41.571822 5dc8            Options.bottommost_compression_opts.window_bits: -14
2024/12/15-08:36:41.571832 5dc8                  Options.bottommost_compression_opts.level: 32767
2024/12/15-08:36:41.571837 5dc8               Options.bottommost_compression_opts.strategy: 0
2024/12/15-08:36:41.571841 5dc8         Options.bottommost_compression_opts.max_dict_bytes: 0
2024/12/15-08:36:41.571846 5dc8         Options.bottommost_compression_opts.zstd_max_train_bytes: 0
2024/12/15-08:36:41.571851 5dc8         Options.bottommost_compression_opts.parallel_threads: 1
2024/12/15-08:36:41.571855 5dc8                  Options.bottommost_compression_opts.enabled: false
2024/12/15-08:36:41.571860 5dc8         Options.bottommost_compression_opts.max_dict_buffer_bytes: 0
2024/12/15-08:36:41.571865 5dc8         Options.bottommost_compression_opts.use_zstd_dict_trainer: true
2024/12/15-08:36:41.571870 5dc8            Options.compression_opts.window_bits: -14
2024/12/15-08:36:41.571874 5dc8                  Options.compression_opts.level: 32767
2024/12/15-08:36:41.571879 5dc8               Options.compression_opts.strategy: 0
2024/12/15-08:36:41.571883 5dc8         Options.compression_opts.max_dict_bytes: 0
2024/12/15-08:36:41.571887 5dc8         Options.compression_opts.zstd_max_train_bytes: 0
2024/12/15-08:36:41.571891 5dc8         Options.compression_opts.use_zstd_dict_trainer: true
2024/12/15-08:36:41.571895 5dc8         Options.compression_opts.parallel_threads: 1
2024/12/15-08:36:41.571900 5dc8                  Options.compression_opts.enabled: false
2024/12/15-08:36:41.571905 5dc8         Options.compression_opts.max_dict_buffer_bytes: 0
2024/12/15-08:36:41.571909 5dc8      Options.level0_file_num_compaction_trigger: 4
2024/12/15-08:36:41.571913 5dc8          Options.level0_slowdown_writes_trigger: 20
2024/12/15-08:36:41.571918 5dc8              Options.level0_stop_writes_trigger: 36
2024/12/15-08:36:41.571949 5dc8                   Options.target_file_size_base: 67108864
2024/12/15-08:36:41.571954 5dc8             Options.target_file_size_multiplier: 1
2024/12/15-08:36:41.571959 5dc8                Options.max_bytes_for_level_base: 268435456
2024/12/15-08:36:41.571963 5dc8 Options.level_compaction_dynamic_level_bytes: 0
2024/12/15-08:36:41.571968 5dc8          Options.max_bytes_for_level_multiplier: 10.000000
2024/12/15-08:36:41.571973 5dc8 Options.max_bytes_for_level_multiplier_addtl[0]: 1
2024/12/15-08:36:41.571978 5dc8 Options.max_bytes_for_level_multiplier_addtl[1]: 1
2024/12/15-08:36:41.571983 5dc8 Options.max_bytes_for_level_multiplier_addtl[2]: 1
2024/12/15-08:36:41.571987 5dc8 Options.max_bytes_for_level_multiplier_addtl[3]: 1
2024/12/15-08:36:41.571992 5dc8 Options.max_bytes_for_level_multiplier_addtl[4]: 1
2024/12/15-08:36:41.571997 5dc8 Options.max_bytes_for_level_multiplier_addtl[5]: 1
2024/12/15-08:36:41.572001 5dc8 Options.max_bytes_for_level_multiplier_addtl[6]: 1
2024/12/15-08:36:41.572006 5dc8       Options.max_sequential_skip_in_iterations: 8
2024/12/15-08:36:41.572010 5dc8                    Options.max_compaction_bytes: 1677721600
2024/12/15-08:36:41.572015 5dc8   Options.ignore_max_compaction_bytes_for_input: true
2024/12/15-08:36:41.572019 5dc8                        Options.arena_block_size: 1048576
2024/12/15-08:36:41.572024 5dc8   Options.soft_pending_compaction_bytes_limit: 68719476736
2024/12/15-08:36:41.572028 5dc8   Options.hard_pending_compaction_bytes_limit: 274877906944
2024/12/15-08:36:41.572033 5dc8                Options.disable_auto_compactions: 1
2024/12/15-08:36:41.572037 5dc8                        Options.compaction_style: kCompactionStyleLevel
2024/12/15-08:36:41.572042 5dc8                          Options.compaction_pri: kMinOverlappingRatio
2024/12/15-08:36:41.572047 5dc8 Options.compaction_options_universal.size_ratio: 1
2024/12/15-08:36:41.572051 5dc8 Options.compaction_options_universal.min_merge_width: 2
2024/12/15-08:36:41.572056 5dc8 Options.compaction_options_universal.max_merge_width: 4294967295
2024/12/15-08:36:41.572060 5dc8 Options.compaction_options_universal.max_size_amplification_percent: 200
2024/12/15-08:36:41.572065 5dc8 Options.compaction_options_universal.compression_size_percent: -1
2024/12/15-08:36:41.572070 5dc8 Options.compaction_options_universal.stop_style: kCompactionStopStyleTotalSize
2024/12/15-08:36:41.572074 5dc8 Options.compaction_options_fifo.max_table_files_size: 1073741824
2024/12/15-08:36:41.572079 5dc8 Options.compaction_options_fifo.allow_compaction: 0
2024/12/15-08:36:41.572084 5dc8                   Options.table_properties_collectors: 
2024/12/15-08:36:41.572086 5dc8                   Options.inplace_update_support: 0
2024/12/15-08:36:41.572089 5dc8                 Options.inplace_update_num_locks: 10000
2024/12/15-08:36:41.572092 5dc8               Options.memtable_prefix_bloom_size_ratio: 0.000000
2024/12/15-08:36:41.572095 5dc8               Options.memtable_whole_key_filtering: 0
2024/12/15-08:36:41.572098 5dc8   Options.memtable_huge_page_size: 0
2024/12/15-08:36:41.572101 5dc8                           Options.bloom_locality: 0
2024/12/15-08:36:41.572103 5dc8                    Options.max_successive_merges: 0
2024/12/15-08:36:41.572106 5dc8                Options.optimize_filters_for_hits: 0
2024/12/15-08:36:41.572109 5dc8                Options.paranoid_file_checks: 0
2024/12/15-08:36:41.572112 5dc8                Options.force_consistency_checks: 1
2024/12/15-08:36:41.572115 5dc8                Options.report_bg_io_stats: 0
2024/12/15-08:36:41.572117 5dc8                               Options.ttl: 0
2024/12/15-08:36:41.572120 5dc8          Options.periodic_compaction_seconds: 0
2024/12/15-08:36:41.572123 5dc8  Options.preclude_last_level_data_seconds: 0
2024/12/15-08:36:41.572126 5dc8    Options.preserve_internal_time_seconds: 0
2024/12/15-08:36:41.572129 5dc8                       Options.enable_blob_files: false
2024/12/15-08:36:41.572132 5dc8                           Options.min_blob_size: 0
2024/12/15-08:36:41.572135 5dc8                          Options.blob_file_size: 268435456
2024/12/15-08:36:41.572139 5dc8                   Options.blob_compression_type: NoCompression
2024/12/15-08:36:41.572141 5dc8          Options.enable_blob_garbage_collection: false
2024/12/15-08:36:41.572144 5dc8      Options.blob_garbage_collection_age_cutoff: 0.250000
2024/12/15-08:36:41.572147 5dc8 Options.blob_garbage_collection_force_threshold: 1.000000
2024/12/15-08:36:41.572150 5dc8          Options.blob_compaction_readahead_size: 0
2024/12/15-08:36:41.572153 5dc8                Options.blob_file_starting_level: 0
2024/12/15-08:36:41.572156 5dc8 Options.experimental_mempurge_threshold: 0.000000
2024/12/15-08:36:41.572208 5dc8 [db\column_family.cc:621] --------------- Options for column family []:
2024/12/15-08:36:41.572212 5dc8               Options.comparator: leveldb.BytewiseComparator
2024/12/15-08:36:41.572214 5dc8           Options.merge_operator: None
2024/12/15-08:36:41.572217 5dc8        Options.compaction_filter: None
2024/12/15-08:36:41.572220 5dc8        Options.compaction_filter_factory: None
2024/12/15-08:36:41.572223 5dc8  Options.sst_partitioner_factory: None
2024/12/15-08:36:41.572226 5dc8         Options.memtable_factory: SkipListFactory
2024/12/15-08:36:41.572228 5dc8            Options.table_factory: BlockBasedTable
2024/12/15-08:36:41.572245 5dc8            table_factory options:   flush_block_policy_factory: FlushBlockBySizePolicyFactory (0000024A29CEF6E0)
  cache_index_and_filter_blocks: 0
  cache_index_and_filter_blocks_with_high_priority: 1
  pin_l0_filter_and_index_blocks_in_cache: 0
  pin_top_level_index_and_filter: 1
  index_type: 0
  data_block_index_type: 0
  index_shortening: 1
  data_block_hash_table_util_ratio: 0.750000
  checksum: 1
  no_block_cache: 0
  block_cache: 0000024A2A064B60
  block_cache_name: LRUCache
  block_cache_options:
    capacity : 134217728
    num_shard_bits : 6
    strict_capacity_limit : 0
    memory_allocator : None
    high_pri_pool_ratio: 0.000
    low_pri_pool_ratio: 0.000
  persistent_cache: 0000000000000000
  block_size: 32768
  block_size_deviation: 10
  block_restart_interval: 16
  index_block_restart_interval: 1
  metadata_block_size: 4096
  partition_filters: 0
  use_delta_encoding: 1
  filter_policy: bloomfilter
  whole_key_filtering: 1
  verify_compression: 0
  read_amp_bytes_per_bit: 0
  format_version: 5
  enable_index_compression: 1
  block_align: 0
  max_auto_readahead_size: 262144
  prepopulate_block_cache: 0
  initial_auto_readahead_size: 8192
  num_file_reads_for_auto_readahead: 2
2024/12/15-08:36:41.572249 5dc8        Options.write_buffer_size: 67108864
2024/12/15-08:36:41.572252 5dc8  Options.max_write_buffer_number: 2
2024/12/15-08:36:41.572254 5dc8          Options.compression: LZ4
2024/12/15-08:36:41.572257 5dc8                  Options.bottommost_compression: Disabled
2024/12/15-08:36:41.572260 5dc8       Options.prefix_extractor: nullptr
2024/12/15-08:36:41.572263 5dc8   Options.memtable_insert_with_hint_prefix_extractor: nullptr
2024/12/15-08:36:41.572265 5dc8             Options.num_levels: 7
